"variable","countyfips","year","value"
"JOBSI0C","3","1990",6385.227825
"JOBSI0C","7","1990",2371.359023
"JOBSI0C","9","1990",1928.973492
"JOBSI0C","11","1990",1998.140416
"JOBSI0C","15","1990",5287.663481
"JOBSI0C","17","1990",1052.192035
"JOBSI0C","19","1990",2656.704747
"JOBSI0C","21","1990",2173.110603
"JOBSI0C","23","1990",1102.524709
"JOBSI0C","25","1990",1096.394541
"JOBSI0C","27","1990",605.5272268
"JOBSI0C","29","1990",7111.4068
"JOBSI0C","33","1990",640.257993
"JOBSI0C","37","1990",17488.5261
"JOBSI0C","39","1990",2511.544141
"JOBSI0C","41","1990",209487.818
"JOBSI0C","43","1990",11095.82108
"JOBSI0C","45","1990",15497.20381
"JOBSI0C","47","1990",652.9564096
"JOBSI0C","49","1990",5442.723548
"JOBSI0C","51","1990",6195.436363
"JOBSI0C","53","1990",217.3478056
"JOBSI0C","55","1990",1792.171175
"JOBSI0C","57","1990",776.9541368
"JOBSI0C","61","1990",775.3217728
"JOBSI0C","63","1990",3840.044231
"JOBSI0C","65","1990",2253.55196
"JOBSI0C","67","1990",17228.02046
"JOBSI0C","69","1990",92777.81969
"JOBSI0C","71","1990",4966.147699
"JOBSI0C","73","1990",2319.607133
"JOBSI0C","75","1990",8785.537748
"JOBSI0C","77","1990",44064.75276
"JOBSI0C","79","1990",331.1256889
"JOBSI0C","81","1990",5368.847581
"JOBSI0C","83","1990",8240.778243
"JOBSI0C","85","1990",11513.79323
"JOBSI0C","87","1990",10755.44171
"JOBSI0C","89","1990",8263.687161
"JOBSI0C","91","1990",1117.214195
"JOBSI0C","93","1990",1612.183091
"JOBSI0C","95","1990",1806.540919
"JOBSI0C","97","1990",15633.11645
"JOBSI0C","99","1990",6186.446683
"JOBSI0C","101","1990",50931.38741
"JOBSI0C","103","1990",3156.095263
"JOBSI0C","105","1990",4375.465777
"JOBSI0C","107","1990",10706.56407
"JOBSI0C","109","1990",2114.961581
"JOBSI0C","111","1990",503.5497284
"JOBSI0C","113","1990",2960.437846
"JOBSI0C","115","1990",1181.229182
"JOBSI0C","117","1990",13274.23964
"JOBSI0C","119","1990",3441.892363
"JOBSI0C","121","1990",2462.800389
"JOBSI0C","123","1990",60462.23265
"JOBSI0C","125","1990",4569.964915
"JOBSI0C","500","1990",1125334.998
"JOBSI0C","3","1991",6379.929161
"JOBSI0C","7","1991",2486.162348
"JOBSI0C","9","1991",1909.331614
"JOBSI0C","11","1991",1919.889849
"JOBSI0C","15","1991",5574.160826
"JOBSI0C","17","1991",1065.195751
"JOBSI0C","19","1991",2698.501052
"JOBSI0C","21","1991",2172.879493
"JOBSI0C","23","1991",1140.650734
"JOBSI0C","25","1991",1027.004578
"JOBSI0C","27","1991",667.9329929
"JOBSI0C","29","1991",7258.267012
"JOBSI0C","33","1991",618.7274574
"JOBSI0C","37","1991",18173.6494
"JOBSI0C","39","1991",2575.825841
"JOBSI0C","41","1991",214081.1687
"JOBSI0C","43","1991",11096.83719
"JOBSI0C","45","1991",15682.93081
"JOBSI0C","47","1991",993.5518679
"JOBSI0C","49","1991",5662.406468
"JOBSI0C","51","1991",6241.350413
"JOBSI0C","53","1991",257.1211613
"JOBSI0C","55","1991",1771.734026
"JOBSI0C","57","1991",731.8343125
"JOBSI0C","61","1991",746.2185961
"JOBSI0C","63","1991",3671.297846
"JOBSI0C","65","1991",2337.501396
"JOBSI0C","67","1991",18308.4971
"JOBSI0C","69","1991",96979.84408
"JOBSI0C","71","1991",4967.523542
"JOBSI0C","73","1991",2499.10014
"JOBSI0C","75","1991",8398.638412
"JOBSI0C","77","1991",45133.32308
"JOBSI0C","79","1991",358.6171488
"JOBSI0C","81","1991",5344.952243
"JOBSI0C","83","1991",8353.063953
"JOBSI0C","85","1991",11582.75396
"JOBSI0C","87","1991",11231.07379
"JOBSI0C","89","1991",8425.753068
"JOBSI0C","91","1991",1223.326392
"JOBSI0C","93","1991",1711.611452
"JOBSI0C","95","1991",1733.269704
"JOBSI0C","97","1991",14729.81031
"JOBSI0C","99","1991",6019.898475
"JOBSI0C","101","1991",50726.62755
"JOBSI0C","103","1991",3276.378457
"JOBSI0C","105","1991",4399.648038
"JOBSI0C","107","1991",11104.12518
"JOBSI0C","109","1991",2191.295076
"JOBSI0C","111","1991",413.05734
"JOBSI0C","113","1991",3281.103856
"JOBSI0C","115","1991",1135.753768
"JOBSI0C","117","1991",14167.51509
"JOBSI0C","119","1991",3973.957574
"JOBSI0C","121","1991",2323.611598
"JOBSI0C","123","1991",62175.69368
"JOBSI0C","125","1991",4476.817628
"JOBSI0C","500","1991",1149520.253
"JOBSI0C","3","1992",6505.086783
"JOBSI0C","7","1992",2567.382493
"JOBSI0C","9","1992",1943.600238
"JOBSI0C","11","1992",1924.08717
"JOBSI0C","15","1992",5707.216417
"JOBSI0C","17","1992",1066.777302
"JOBSI0C","19","1992",2810.435476
"JOBSI0C","21","1992",2142.727243
"JOBSI0C","23","1992",1176.927134
"JOBSI0C","25","1992",1039.654426
"JOBSI0C","27","1992",711.5250588
"JOBSI0C","29","1992",7553.046913
"JOBSI0C","33","1992",591.5743306
"JOBSI0C","37","1992",19183.49129
"JOBSI0C","39","1992",2663.231629
"JOBSI0C","41","1992",221556.9933
"JOBSI0C","43","1992",11830.17082
"JOBSI0C","45","1992",15615.30271
"JOBSI0C","47","1992",3583.108804
"JOBSI0C","49","1992",5778.179507
"JOBSI0C","51","1992",6831.085137
"JOBSI0C","53","1992",259.2289089
"JOBSI0C","55","1992",1845.492574
"JOBSI0C","57","1992",777.8041936
"JOBSI0C","61","1992",757.0921138
"JOBSI0C","63","1992",3692.302123
"JOBSI0C","65","1992",2264.415889
"JOBSI0C","67","1992",19191.77898
"JOBSI0C","69","1992",100504.3602
"JOBSI0C","71","1992",4909.976997
"JOBSI0C","73","1992",2573.038741
"JOBSI0C","75","1992",8332.39304
"JOBSI0C","77","1992",46022.14271
"JOBSI0C","79","1992",387.2518675
"JOBSI0C","81","1992",5415.143878
"JOBSI0C","83","1992",8859.859771
"JOBSI0C","85","1992",11986.97272
"JOBSI0C","87","1992",11530.32239
"JOBSI0C","89","1992",8262.22854
"JOBSI0C","91","1992",1226.194806
"JOBSI0C","93","1992",1843.826588
"JOBSI0C","95","1992",1732.774697
"JOBSI0C","97","1992",15087.97139
"JOBSI0C","99","1992",6108.080776
"JOBSI0C","101","1992",51219.83284
"JOBSI0C","103","1992",3473.719638
"JOBSI0C","105","1992",4341.24778
"JOBSI0C","107","1992",11421.52125
"JOBSI0C","109","1992",2139.812199
"JOBSI0C","111","1992",302.5918084
"JOBSI0C","113","1992",3780.219636
"JOBSI0C","115","1992",1090.386195
"JOBSI0C","117","1992",14811.51605
"JOBSI0C","119","1992",5500.367438
"JOBSI0C","121","1992",2287.87697
"JOBSI0C","123","1992",63392.18475
"JOBSI0C","125","1992",4376.015891
"JOBSI0C","500","1992",1173488.154
"JOBSI0C","3","1993",6962.837982
"JOBSI0C","7","1993",2741.815245
"JOBSI0C","9","1993",2044.068504
"JOBSI0C","11","1993",2074.316255
"JOBSI0C","15","1993",5899.376644
"JOBSI0C","17","1993",1059.628955
"JOBSI0C","19","1993",2905.232225
"JOBSI0C","21","1993",2194.260232
"JOBSI0C","23","1993",1210.981127
"JOBSI0C","25","1993",1076.837599
"JOBSI0C","27","1993",816.1092509
"JOBSI0C","29","1993",8074.462643
"JOBSI0C","33","1993",628.9316329
"JOBSI0C","37","1993",20935.68117
"JOBSI0C","39","1993",3014.93686
"JOBSI0C","41","1993",231431.5295
"JOBSI0C","43","1993",12636.03917
"JOBSI0C","45","1993",16915.73776
"JOBSI0C","47","1993",4075.249784
"JOBSI0C","49","1993",6147.110353
"JOBSI0C","51","1993",7506.259454
"JOBSI0C","53","1993",295.0957381
"JOBSI0C","55","1993",1974.001081
"JOBSI0C","57","1993",830.9777711
"JOBSI0C","61","1993",819.495291
"JOBSI0C","63","1993",3812.244878
"JOBSI0C","65","1993",2141.576997
"JOBSI0C","67","1993",20498.29685
"JOBSI0C","69","1993",107206.0996
"JOBSI0C","71","1993",5122.036789
"JOBSI0C","73","1993",2578.262463
"JOBSI0C","75","1993",8667.247798
"JOBSI0C","77","1993",47709.0431
"JOBSI0C","79","1993",407.677304
"JOBSI0C","81","1993",5470.622176
"JOBSI0C","83","1993",9674.928207
"JOBSI0C","85","1993",12918.1096
"JOBSI0C","87","1993",12119.448
"JOBSI0C","89","1993",8536.763473
"JOBSI0C","91","1993",1387.263813
"JOBSI0C","93","1993",2100.928085
"JOBSI0C","95","1993",1839.11989
"JOBSI0C","97","1993",16500.91673
"JOBSI0C","99","1993",6244.966869
"JOBSI0C","101","1993",52274.74066
"JOBSI0C","103","1993",3442.591311
"JOBSI0C","105","1993",4373.190971
"JOBSI0C","107","1993",12203.73904
"JOBSI0C","109","1993",2190.976522
"JOBSI0C","111","1993",322.2568967
"JOBSI0C","113","1993",4310.41483
"JOBSI0C","115","1993",1144.206182
"JOBSI0C","117","1993",16141.22169
"JOBSI0C","119","1993",6035.697224
"JOBSI0C","121","1993",2377.291403
"JOBSI0C","123","1993",67355.11787
"JOBSI0C","125","1993",4623.365973
"JOBSI0C","500","1993",1223331.526
"JOBSI0C","3","1994",7390.260311
"JOBSI0C","7","1994",3102.732437
"JOBSI0C","9","1994",2111.289941
"JOBSI0C","11","1994",2230.894186
"JOBSI0C","15","1994",6360.380302
"JOBSI0C","17","1994",1078.987886
"JOBSI0C","19","1994",2967.945915
"JOBSI0C","21","1994",2271.317808
"JOBSI0C","23","1994",1169.614214
"JOBSI0C","25","1994",1122.686265
"JOBSI0C","27","1994",905.3894959
"JOBSI0C","29","1994",8978.382416
"JOBSI0C","33","1994",678.1571039
"JOBSI0C","37","1994",23302.48762
"JOBSI0C","39","1994",3333.676277
"JOBSI0C","41","1994",247041.8968
"JOBSI0C","43","1994",13705.87267
"JOBSI0C","45","1994",18567.50363
"JOBSI0C","47","1994",4710.012952
"JOBSI0C","49","1994",6531.175313
"JOBSI0C","51","1994",8295.873008
"JOBSI0C","53","1994",329.8923848
"JOBSI0C","55","1994",2186.076099
"JOBSI0C","57","1994",774.1886608
"JOBSI0C","61","1994",876.6863102
"JOBSI0C","63","1994",4058.220468
"JOBSI0C","65","1994",2211.959554
"JOBSI0C","67","1994",22514.01378
"JOBSI0C","69","1994",113791.5658
"JOBSI0C","71","1994",5640.767146
"JOBSI0C","73","1994",2677.704701
"JOBSI0C","75","1994",9322.827414
"JOBSI0C","77","1994",50004.00281
"JOBSI0C","79","1994",406.9055689
"JOBSI0C","81","1994",5639.207257
"JOBSI0C","83","1994",10332.87571
"JOBSI0C","85","1994",13953.69453
"JOBSI0C","87","1994",12692.55517
"JOBSI0C","89","1994",8867.733247
"JOBSI0C","91","1994",1579.229511
"JOBSI0C","93","1994",2546.047733
"JOBSI0C","95","1994",1983.619627
"JOBSI0C","97","1994",17384.99678
"JOBSI0C","99","1994",6568.060893
"JOBSI0C","101","1994",55251.03043
"JOBSI0C","103","1994",3540.450657
"JOBSI0C","105","1994",4590.635705
"JOBSI0C","107","1994",13027.12139
"JOBSI0C","109","1994",2272.535303
"JOBSI0C","111","1994",333.7859117
"JOBSI0C","113","1994",4809.367014
"JOBSI0C","115","1994",1196.129605
"JOBSI0C","117","1994",17604.78254
"JOBSI0C","119","1994",6923.860482
"JOBSI0C","121","1994",2450.971828
"JOBSI0C","123","1994",70745.94409
"JOBSI0C","125","1994",4867.311235
"JOBSI0C","500","1994",1278234.483
"JOBSI0C","3","1995",7815.728041
"JOBSI0C","7","1995",3450.338701
"JOBSI0C","9","1995",2127.608771
"JOBSI0C","11","1995",2249.966349
"JOBSI0C","15","1995",6771.86266
"JOBSI0C","17","1995",1125.799499
"JOBSI0C","19","1995",3128.059375
"JOBSI0C","21","1995",2339.293439
"JOBSI0C","23","1995",1123.617513
"JOBSI0C","25","1995",1118.755737
"JOBSI0C","27","1995",998.8098413
"JOBSI0C","29","1995",9075.537144
"JOBSI0C","33","1995",640.3068497
"JOBSI0C","37","1995",25164.11575
"JOBSI0C","39","1995",3704.386891
"JOBSI0C","41","1995",258614.4642
"JOBSI0C","43","1995",14111.22699
"JOBSI0C","45","1995",19584.55406
"JOBSI0C","47","1995",5285.175067
"JOBSI0C","49","1995",7031.138293
"JOBSI0C","51","1995",8665.145952
"JOBSI0C","53","1995",372.0004559
"JOBSI0C","55","1995",2258.95909
"JOBSI0C","57","1995",697.775942
"JOBSI0C","61","1995",860.0110252
"JOBSI0C","63","1995",3875.897172
"JOBSI0C","65","1995",2448.825924
"JOBSI0C","67","1995",23851.70971
"JOBSI0C","69","1995",120183.0545
"JOBSI0C","71","1995",5953.694281
"JOBSI0C","73","1995",2677.116192
"JOBSI0C","75","1995",9808.875497
"JOBSI0C","77","1995",52505.54009
"JOBSI0C","79","1995",433.9363029
"JOBSI0C","81","1995",6021.288586
"JOBSI0C","83","1995",10513.55848
"JOBSI0C","85","1995",14597.26559
"JOBSI0C","87","1995",13044.26163
"JOBSI0C","89","1995",9182.328564
"JOBSI0C","91","1995",1628.876851
"JOBSI0C","93","1995",2839.441714
"JOBSI0C","95","1995",1949.777908
"JOBSI0C","97","1995",17767.99249
"JOBSI0C","99","1995",6622.116586
"JOBSI0C","101","1995",57678.96417
"JOBSI0C","103","1995",3365.389332
"JOBSI0C","105","1995",4677.659552
"JOBSI0C","107","1995",13519.93954
"JOBSI0C","109","1995",2273.393128
"JOBSI0C","111","1995",305.8349245
"JOBSI0C","113","1995",5203.808101
"JOBSI0C","115","1995",1194.345079
"JOBSI0C","117","1995",18696.2972
"JOBSI0C","119","1995",7793.82211
"JOBSI0C","121","1995",2461.699664
"JOBSI0C","123","1995",73413.65035
"JOBSI0C","125","1995",4882.770104
"JOBSI0C","500","1995",1328020.101
"JOBSI0C","3","1996",8359.806604
"JOBSI0C","7","1996",3818.897924
"JOBSI0C","9","1996",2199.845568
"JOBSI0C","11","1996",2232.953013
"JOBSI0C","15","1996",7190.930904
"JOBSI0C","17","1996",1134.819188
"JOBSI0C","19","1996",3148.379408
"JOBSI0C","21","1996",2412.689092
"JOBSI0C","23","1996",1140.398833
"JOBSI0C","25","1996",1147.333536
"JOBSI0C","27","1996",1117.232307
"JOBSI0C","29","1996",9473.834646
"JOBSI0C","33","1996",662.5012496
"JOBSI0C","37","1996",27017.79211
"JOBSI0C","39","1996",4117.264801
"JOBSI0C","41","1996",269892.9726
"JOBSI0C","43","1996",14735.99808
"JOBSI0C","45","1996",20383.80305
"JOBSI0C","47","1996",4924.028864
"JOBSI0C","49","1996",7372.519666
"JOBSI0C","51","1996",8834.981477
"JOBSI0C","53","1996",385.2626261
"JOBSI0C","55","1996",2484.407678
"JOBSI0C","57","1996",714.5443903
"JOBSI0C","61","1996",900.9044937
"JOBSI0C","63","1996",4011.101604
"JOBSI0C","65","1996",2586.283099
"JOBSI0C","67","1996",24978.40043
"JOBSI0C","69","1996",128309.9793
"JOBSI0C","71","1996",5945.298214
"JOBSI0C","73","1996",2704.441594
"JOBSI0C","75","1996",10113.30736
"JOBSI0C","77","1996",55376.68179
"JOBSI0C","79","1996",458.8542211
"JOBSI0C","81","1996",6064.114118
"JOBSI0C","83","1996",10896.34999
"JOBSI0C","85","1996",15013.85799
"JOBSI0C","87","1996",13192.92221
"JOBSI0C","89","1996",9438.791117
"JOBSI0C","91","1996",1700.737036
"JOBSI0C","93","1996",2969.528277
"JOBSI0C","95","1996",2035.553608
"JOBSI0C","97","1996",18360.85264
"JOBSI0C","99","1996",6881.317483
"JOBSI0C","101","1996",60052.28799
"JOBSI0C","103","1996",3371.836482
"JOBSI0C","105","1996",4780.421306
"JOBSI0C","107","1996",14173.13555
"JOBSI0C","109","1996",2394.700058
"JOBSI0C","111","1996",312.5660097
"JOBSI0C","113","1996",5195.86436
"JOBSI0C","115","1996",1243.356625
"JOBSI0C","117","1996",19487.14598
"JOBSI0C","119","1996",8219.632879
"JOBSI0C","121","1996",2502.146601
"JOBSI0C","123","1996",76003.19941
"JOBSI0C","125","1996",5154.351716
"JOBSI0C","500","1996",1374153.282
"JOBSI0C","3","1997",8709.540674
"JOBSI0C","7","1997",4200.007915
"JOBSI0C","9","1997",2309.91161
"JOBSI0C","11","1997",2332.66087
"JOBSI0C","15","1997",7578.186869
"JOBSI0C","17","1997",1222.743269
"JOBSI0C","19","1997",3261.186838
"JOBSI0C","21","1997",2469.06503
"JOBSI0C","23","1997",1043.087171
"JOBSI0C","25","1997",1166.490597
"JOBSI0C","27","1997",1209.5951
"JOBSI0C","29","1997",9924.323056
"JOBSI0C","33","1997",666.3833702
"JOBSI0C","37","1997",29788.86918
"JOBSI0C","39","1997",4496.772393
"JOBSI0C","41","1997",280087.4093
"JOBSI0C","43","1997",15475.80352
"JOBSI0C","45","1997",21173.08551
"JOBSI0C","47","1997",4750.12659
"JOBSI0C","49","1997",7679.127239
"JOBSI0C","51","1997",9221.320498
"JOBSI0C","53","1997",394.4127371
"JOBSI0C","55","1997",2834.952933
"JOBSI0C","57","1997",750.4083002
"JOBSI0C","61","1997",974.7040405
"JOBSI0C","63","1997",4170.980963
"JOBSI0C","65","1997",2573.787374
"JOBSI0C","67","1997",25638.32595
"JOBSI0C","69","1997",133006.9736
"JOBSI0C","71","1997",6175.347053
"JOBSI0C","73","1997",2817.404435
"JOBSI0C","75","1997",10268.06388
"JOBSI0C","77","1997",57979.87043
"JOBSI0C","79","1997",498.6948377
"JOBSI0C","81","1997",6167.929359
"JOBSI0C","83","1997",11039.73745
"JOBSI0C","85","1997",15891.79668
"JOBSI0C","87","1997",13800.70104
"JOBSI0C","89","1997",9529.211381
"JOBSI0C","91","1997",1738.883271
"JOBSI0C","93","1997",3245.183017
"JOBSI0C","95","1997",2187.030516
"JOBSI0C","97","1997",19070.20027
"JOBSI0C","99","1997",7257.111677
"JOBSI0C","101","1997",62838.4525
"JOBSI0C","103","1997",3409.298852
"JOBSI0C","105","1997",4954.008323
"JOBSI0C","107","1997",14640.9481
"JOBSI0C","109","1997",2632.070531
"JOBSI0C","111","1997",307.5111395
"JOBSI0C","113","1997",5400.316135
"JOBSI0C","115","1997",1354.944482
"JOBSI0C","117","1997",20533.66807
"JOBSI0C","119","1997",8848.836858
"JOBSI0C","121","1997",2578.300538
"JOBSI0C","123","1997",79221.059
"JOBSI0C","125","1997",5357.896388
"JOBSI0C","500","1997",1434220.526
"JOBSI0C","3","1998",8754.250905
"JOBSI0C","7","1998",4445.902614
"JOBSI0C","9","1998",2331.667259
"JOBSI0C","11","1998",2420.731385
"JOBSI0C","15","1998",7822.021932
"JOBSI0C","17","1998",1266.220749
"JOBSI0C","19","1998",3621.943017
"JOBSI0C","21","1998",2467.211517
"JOBSI0C","23","1998",1081.136767
"JOBSI0C","25","1998",1221.25655
"JOBSI0C","27","1998",1266.747056
"JOBSI0C","29","1998",10380.50062
"JOBSI0C","33","1998",687.1900239
"JOBSI0C","37","1998",31765.12856
"JOBSI0C","39","1998",4956.743292
"JOBSI0C","41","1998",290304.5862
"JOBSI0C","43","1998",16273.5283
"JOBSI0C","45","1998",22673.21164
"JOBSI0C","47","1998",4752.252303
"JOBSI0C","49","1998",8199.643081
"JOBSI0C","51","1998",9722.931683
"JOBSI0C","53","1998",397.5398167
"JOBSI0C","55","1998",3059.250711
"JOBSI0C","57","1998",747.1664331
"JOBSI0C","61","1998",952.0824755
"JOBSI0C","63","1998",4353.511646
"JOBSI0C","65","1998",2692.158189
"JOBSI0C","67","1998",26298.15642
"JOBSI0C","69","1998",138717.3463
"JOBSI0C","71","1998",6589.881293
"JOBSI0C","73","1998",2788.411139
"JOBSI0C","75","1998",10279.7319
"JOBSI0C","77","1998",60348.54707
"JOBSI0C","79","1998",519.5319739
"JOBSI0C","81","1998",6108.930665
"JOBSI0C","83","1998",11557.80176
"JOBSI0C","85","1998",16226.65648
"JOBSI0C","87","1998",13750.58648
"JOBSI0C","89","1998",9502.615847
"JOBSI0C","91","1998",1828.540832
"JOBSI0C","93","1998",3554.718059
"JOBSI0C","95","1998",2214.322677
"JOBSI0C","97","1998",19204.10704
"JOBSI0C","99","1998",7497.890259
"JOBSI0C","101","1998",65192.59541
"JOBSI0C","103","1998",3418.296824
"JOBSI0C","105","1998",5131.221216
"JOBSI0C","107","1998",15611.55478
"JOBSI0C","109","1998",2730.695521
"JOBSI0C","111","1998",338.3705789
"JOBSI0C","113","1998",5698.044881
"JOBSI0C","115","1998",1334.232707
"JOBSI0C","117","1998",21429.74216
"JOBSI0C","119","1998",8861.179414
"JOBSI0C","121","1998",2543.26358
"JOBSI0C","123","1998",82572.43094
"JOBSI0C","125","1998",5394.055326
"JOBSI0C","500","1998",1491669.331
"JOBSI0C","3","1999",8868.359136
"JOBSI0C","7","1999",4789.328912
"JOBSI0C","9","1999",2355.079956
"JOBSI0C","11","1999",2368.305165
"JOBSI0C","15","1999",8140.535999
"JOBSI0C","17","1999",1225.6447
"JOBSI0C","19","1999",3770.744313
"JOBSI0C","21","1999",2545.325342
"JOBSI0C","23","1999",1072.473997
"JOBSI0C","25","1999",1478.186637
"JOBSI0C","27","1999",1314.259791
"JOBSI0C","29","1999",10574.83427
"JOBSI0C","33","1999",735.7846233
"JOBSI0C","37","1999",33005.14153
"JOBSI0C","39","1999",5550.78861
"JOBSI0C","41","1999",299721.5789
"JOBSI0C","43","1999",16691.43482
"JOBSI0C","45","1999",24275.79559
"JOBSI0C","47","1999",5156.772988
"JOBSI0C","49","1999",8442.974334
"JOBSI0C","51","1999",9913.290909
"JOBSI0C","53","1999",395.4779682
"JOBSI0C","55","1999",2945.207424
"JOBSI0C","57","1999",771.8753265
"JOBSI0C","61","1999",928.7142627
"JOBSI0C","63","1999",4510.290355
"JOBSI0C","65","1999",2637.085132
"JOBSI0C","67","1999",26804.08445
"JOBSI0C","69","1999",143568.1991
"JOBSI0C","71","1999",6647.873296
"JOBSI0C","73","1999",2884.074208
"JOBSI0C","75","1999",10684.71621
"JOBSI0C","77","1999",62418.46502
"JOBSI0C","79","1999",514.9793411
"JOBSI0C","81","1999",6164.058696
"JOBSI0C","83","1999",11875.26922
"JOBSI0C","85","1999",16757.54366
"JOBSI0C","87","1999",13858.76416
"JOBSI0C","89","1999",9252.615959
"JOBSI0C","91","1999",1908.650612
"JOBSI0C","93","1999",3705.337026
"JOBSI0C","95","1999",2249.856788
"JOBSI0C","97","1999",19094.21624
"JOBSI0C","99","1999",7637.772735
"JOBSI0C","101","1999",66004.04137
"JOBSI0C","103","1999",3431.165016
"JOBSI0C","105","1999",5298.193696
"JOBSI0C","107","1999",16117.24831
"JOBSI0C","109","1999",2730.129892
"JOBSI0C","111","1999",343.9841293
"JOBSI0C","113","1999",5986.649091
"JOBSI0C","115","1999",1325.15177
"JOBSI0C","117","1999",22210.36242
"JOBSI0C","119","1999",8961.139372
"JOBSI0C","121","1999",2549.874103
"JOBSI0C","123","1999",85874.43344
"JOBSI0C","125","1999",5470.568926
"JOBSI0C","500","1999",1545935.789
"JOBSI0C","3","2000",9322.820395
"JOBSI0C","7","2000",5194.181439
"JOBSI0C","9","2000",2338.777512
"JOBSI0C","11","2000",2230.242698
"JOBSI0C","15","2000",8526.908445
"JOBSI0C","17","2000",1268.723085
"JOBSI0C","19","2000",3874.894559
"JOBSI0C","21","2000",2546.364087
"JOBSI0C","23","2000",1132.87705
"JOBSI0C","25","2000",1541.351301
"JOBSI0C","27","2000",1479.185372
"JOBSI0C","29","2000",11247.89893
"JOBSI0C","33","2000",761.1015818
"JOBSI0C","37","2000",35272.36676
"JOBSI0C","39","2000",6025.590413
"JOBSI0C","41","2000",314612.8432
"JOBSI0C","43","2000",17613.01514
"JOBSI0C","45","2000",26164.85727
"JOBSI0C","47","2000",6039.474312
"JOBSI0C","49","2000",8916.406092
"JOBSI0C","51","2000",10302.59612
"JOBSI0C","53","2000",449.9650079
"JOBSI0C","55","2000",2966.31014
"JOBSI0C","57","2000",815.8747379
"JOBSI0C","61","2000",994.2584467
"JOBSI0C","63","2000",4502.273639
"JOBSI0C","65","2000",2569.172637
"JOBSI0C","67","2000",28007.91568
"JOBSI0C","69","2000",154657.3874
"JOBSI0C","71","2000",7143.513345
"JOBSI0C","73","2000",3046.387958
"JOBSI0C","75","2000",11428.67313
"JOBSI0C","77","2000",66195.72932
"JOBSI0C","79","2000",583.1476528
"JOBSI0C","81","2000",6258.612929
"JOBSI0C","83","2000",11910.73732
"JOBSI0C","85","2000",17764.95428
"JOBSI0C","87","2000",13955.65208
"JOBSI0C","89","2000",9030.657863
"JOBSI0C","91","2000",2126.287314
"JOBSI0C","93","2000",3982.994308
"JOBSI0C","95","2000",2353.021169
"JOBSI0C","97","2000",20145.59953
"JOBSI0C","99","2000",7326.458456
"JOBSI0C","101","2000",66352.13366
"JOBSI0C","103","2000",3686.598478
"JOBSI0C","105","2000",5722.428336
"JOBSI0C","107","2000",17482.52827
"JOBSI0C","109","2000",2584.492361
"JOBSI0C","111","2000",333.4268446
"JOBSI0C","113","2000",6394.600452
"JOBSI0C","115","2000",1313.458014
"JOBSI0C","117","2000",23215.26308
"JOBSI0C","119","2000",9343.845982
"JOBSI0C","121","2000",2494.4979
"JOBSI0C","123","2000",93075.49687
"JOBSI0C","125","2000",5661.540903
"JOBSI0C","500","2000",1634190.381
"JOBSI0C","3","2001",9348.546272
"JOBSI0C","7","2001",5217.796881
"JOBSI0C","9","2001",2373.639682
"JOBSI0C","11","2001",2216.030272
"JOBSI0C","15","2001",8529.901327
"JOBSI0C","17","2001",1284.686184
"JOBSI0C","19","2001",3902.544439
"JOBSI0C","21","2001",2590.167954
"JOBSI0C","23","2001",1149.458541
"JOBSI0C","25","2001",1536.390631
"JOBSI0C","27","2001",1490.067739
"JOBSI0C","29","2001",11291.45919
"JOBSI0C","33","2001",770.6272114
"JOBSI0C","37","2001",35088.45993
"JOBSI0C","39","2001",6084.831391
"JOBSI0C","41","2001",311929.5392
"JOBSI0C","43","2001",17569.13476
"JOBSI0C","45","2001",26182.65488
"JOBSI0C","47","2001",5883.679146
"JOBSI0C","49","2001",8888.377446
"JOBSI0C","51","2001",10309.4158
"JOBSI0C","53","2001",450.1492871
"JOBSI0C","55","2001",2971.296861
"JOBSI0C","57","2001",821.8332805
"JOBSI0C","61","2001",1009.411101
"JOBSI0C","63","2001",4515.596345
"JOBSI0C","65","2001",2576.897188
"JOBSI0C","67","2001",28059.50399
"JOBSI0C","69","2001",153534.7848
"JOBSI0C","71","2001",7217.293981
"JOBSI0C","73","2001",3068.757379
"JOBSI0C","75","2001",11482.18331
"JOBSI0C","77","2001",66023.20126
"JOBSI0C","79","2001",574.7663237
"JOBSI0C","81","2001",6282.747437
"JOBSI0C","83","2001",11930.52013
"JOBSI0C","85","2001",17769.29971
"JOBSI0C","87","2001",13989.30412
"JOBSI0C","89","2001",9083.350055
"JOBSI0C","91","2001",2131.566673
"JOBSI0C","93","2001",4019.726058
"JOBSI0C","95","2001",2369.074764
"JOBSI0C","97","2001",19990.72054
"JOBSI0C","99","2001",7283.063562
"JOBSI0C","101","2001",66061.04672
"JOBSI0C","103","2001",3722.576838
"JOBSI0C","105","2001",5780.201414
"JOBSI0C","107","2001",17531.94752
"JOBSI0C","109","2001",2615.140469
"JOBSI0C","111","2001",336
"JOBSI0C","113","2001",6380.177868
"JOBSI0C","115","2001",1328.067496
"JOBSI0C","117","2001",23030.81633
"JOBSI0C","119","2001",9298.629041
"JOBSI0C","121","2001",2533.140352
"JOBSI0C","123","2001",92703.29385
"JOBSI0C","125","2001",5717.433738
"JOBSI0C","500","2001",1619448.841
"JOBSI0C","3","2002",9402
"JOBSI0C","7","2002",5444
"JOBSI0C","9","2002",2279
"JOBSI0C","11","2002",1978
"JOBSI0C","15","2002",8582
"JOBSI0C","17","2002",1255
"JOBSI0C","19","2002",4078
"JOBSI0C","21","2002",2512
"JOBSI0C","23","2002",1164
"JOBSI0C","25","2002",1515
"JOBSI0C","27","2002",1627
"JOBSI0C","29","2002",11513
"JOBSI0C","33","2002",761
"JOBSI0C","37","2002",33897
"JOBSI0C","39","2002",6589.814815
"JOBSI0C","41","2002",309543.68
"JOBSI0C","43","2002",17237
"JOBSI0C","45","2002",26172
"JOBSI0C","47","2002",6314
"JOBSI0C","49","2002",8951.434783
"JOBSI0C","51","2002",10177
"JOBSI0C","53","2002",456
"JOBSI0C","55","2002",3072
"JOBSI0C","57","2002",809
"JOBSI0C","61","2002",917
"JOBSI0C","63","2002",4393
"JOBSI0C","65","2002",2587
"JOBSI0C","67","2002",28557.29231
"JOBSI0C","69","2002",154355.6431
"JOBSI0C","71","2002",7431
"JOBSI0C","73","2002",3034
"JOBSI0C","75","2002",11389
"JOBSI0C","77","2002",65780.77083
"JOBSI0C","79","2002",585
"JOBSI0C","81","2002",6280
"JOBSI0C","83","2002",11934
"JOBSI0C","85","2002",17826.33333
"JOBSI0C","87","2002",13844
"JOBSI0C","89","2002",9045
"JOBSI0C","91","2002",2156
"JOBSI0C","93","2002",4122
"JOBSI0C","95","2002",2299
"JOBSI0C","97","2002",19665.25
"JOBSI0C","99","2002",7243
"JOBSI0C","101","2002",65841.49315
"JOBSI0C","103","2002",3768
"JOBSI0C","105","2002",5854
"JOBSI0C","107","2002",17687.76744
"JOBSI0C","109","2002",2689
"JOBSI0C","111","2002",389
"JOBSI0C","113","2002",6337
"JOBSI0C","115","2002",1284
"JOBSI0C","117","2002",22787.94737
"JOBSI0C","119","2002",9213
"JOBSI0C","121","2002",2492
"JOBSI0C","123","2002",93495
"JOBSI0C","125","2002",5726
"JOBSI0C","500","2002",1590712.486
"JOBSI0C","3","2003",9707.67179
"JOBSI0C","7","2003",5448.216274
"JOBSI0C","9","2003",2253.85962
"JOBSI0C","11","2003",2097.000632
"JOBSI0C","15","2003",8653.180838
"JOBSI0C","17","2003",1231.824949
"JOBSI0C","19","2003",4143
"JOBSI0C","21","2003",2579.40227
"JOBSI0C","23","2003",1183.271546
"JOBSI0C","25","2003",1477.747336
"JOBSI0C","27","2003",1683.962616
"JOBSI0C","29","2003",11658.79289
"JOBSI0C","33","2003",767.7722885
"JOBSI0C","37","2003",33530.08334
"JOBSI0C","39","2003",6784.966142
"JOBSI0C","41","2003",309791.3992
"JOBSI0C","43","2003",17086.29525
"JOBSI0C","45","2003",27026.23777
"JOBSI0C","47","2003",5809.26082
"JOBSI0C","49","2003",9128.974176
"JOBSI0C","51","2003",10116.95675
"JOBSI0C","53","2003",446.7940279
"JOBSI0C","55","2003",2933.189309
"JOBSI0C","57","2003",809.8702971
"JOBSI0C","61","2003",908.1986722
"JOBSI0C","63","2003",4378.658548
"JOBSI0C","65","2003",2587.187708
"JOBSI0C","67","2003",29183.25141
"JOBSI0C","69","2003",154724.3698
"JOBSI0C","71","2003",7449.067956
"JOBSI0C","73","2003",3116.53817
"JOBSI0C","75","2003",11323.94494
"JOBSI0C","77","2003",66953.95224
"JOBSI0C","79","2003",588
"JOBSI0C","81","2003",6246.052435
"JOBSI0C","83","2003",12054.7657
"JOBSI0C","85","2003",18627.66458
"JOBSI0C","87","2003",14434.19965
"JOBSI0C","89","2003",9005.52579
"JOBSI0C","91","2003",2209.188295
"JOBSI0C","93","2003",4212.515788
"JOBSI0C","95","2003",2299.753422
"JOBSI0C","97","2003",19618.69798
"JOBSI0C","99","2003",7162.393127
"JOBSI0C","101","2003",65975.86894
"JOBSI0C","103","2003",3732.894831
"JOBSI0C","105","2003",6091.163299
"JOBSI0C","107","2003",17661.46693
"JOBSI0C","109","2003",2810.200092
"JOBSI0C","111","2003",391
"JOBSI0C","113","2003",6320.359856
"JOBSI0C","115","2003",1227.893257
"JOBSI0C","117","2003",22139.74201
"JOBSI0C","119","2003",9207.546475
"JOBSI0C","121","2003",2475.364326
"JOBSI0C","123","2003",95531.92026
"JOBSI0C","125","2003",5895.134335
"JOBSI0C","500","2003",1574305.365
"JOBSI0C","3","2004",9616.401123
"JOBSI0C","7","2004",5603.437394
"JOBSI0C","9","2004",2167.664471
"JOBSI0C","11","2004",1980.768472
"JOBSI0C","15","2004",8789.794806
"JOBSI0C","17","2004",1154.655069
"JOBSI0C","19","2004",4142
"JOBSI0C","21","2004",2479.854601
"JOBSI0C","23","2004",1177.959234
"JOBSI0C","25","2004",1454.003373
"JOBSI0C","27","2004",1736.755629
"JOBSI0C","29","2004",11851.64945
"JOBSI0C","33","2004",745.4089182
"JOBSI0C","37","2004",34658.07308
"JOBSI0C","39","2004",6835.978642
"JOBSI0C","41","2004",314847.1611
"JOBSI0C","43","2004",17274.31249
"JOBSI0C","45","2004",28163.49162
"JOBSI0C","47","2004",5754.710686
"JOBSI0C","49","2004",9038.161731
"JOBSI0C","51","2004",10546.08415
"JOBSI0C","53","2004",429.5910861
"JOBSI0C","55","2004",2916.882236
"JOBSI0C","57","2004",802.4675186
"JOBSI0C","61","2004",915.5343729
"JOBSI0C","63","2004",4293.979967
"JOBSI0C","65","2004",2587.610016
"JOBSI0C","67","2004",30362.40727
"JOBSI0C","69","2004",158194.6899
"JOBSI0C","71","2004",7497.628633
"JOBSI0C","73","2004",3046.759284
"JOBSI0C","75","2004",10974.73286
"JOBSI0C","77","2004",68856.93469
"JOBSI0C","79","2004",612
"JOBSI0C","81","2004",6366.928948
"JOBSI0C","83","2004",12149.81714
"JOBSI0C","85","2004",19198.14917
"JOBSI0C","87","2004",14240.48712
"JOBSI0C","89","2004",8959.999297
"JOBSI0C","91","2004",2407.812197
"JOBSI0C","93","2004",4337.884306
"JOBSI0C","95","2004",2210.804332
"JOBSI0C","97","2004",20090.82554
"JOBSI0C","99","2004",7062.63437
"JOBSI0C","101","2004",65675.19538
"JOBSI0C","103","2004",3844.744675
"JOBSI0C","105","2004",6070.85404
"JOBSI0C","107","2004",17906.95596
"JOBSI0C","109","2004",2784.942979
"JOBSI0C","111","2004",361
"JOBSI0C","113","2004",6502.058065
"JOBSI0C","115","2004",1279.616417
"JOBSI0C","117","2004",22171.30813
"JOBSI0C","119","2004",9369.557652
"JOBSI0C","121","2004",2375.196813
"JOBSI0C","123","2004",98197.24477
"JOBSI0C","125","2004",5783.613794
"JOBSI0C","500","2004",1594792.635
"JOBSI0C","3","2005",9698.898527
"JOBSI0C","7","2005",5992.821506
"JOBSI0C","9","2005",2164.323766
"JOBSI0C","11","2005",1989.435997
"JOBSI0C","15","2005",8982.009546
"JOBSI0C","17","2005",1206.331521
"JOBSI0C","19","2005",4226
"JOBSI0C","21","2005",2480.660564
"JOBSI0C","23","2005",1160.533198
"JOBSI0C","25","2005",1513.202717
"JOBSI0C","27","2005",1702.555568
"JOBSI0C","29","2005",12248.97557
"JOBSI0C","33","2005",763.4289599
"JOBSI0C","37","2005",36628.70267
"JOBSI0C","39","2005",7084.963519
"JOBSI0C","41","2005",324503.1501
"JOBSI0C","43","2005",17544.22895
"JOBSI0C","45","2005",30073.08695
"JOBSI0C","47","2005",6003.32905
"JOBSI0C","49","2005",9203.699534
"JOBSI0C","51","2005",10919.40194
"JOBSI0C","53","2005",444.0577967
"JOBSI0C","55","2005",2904.870972
"JOBSI0C","57","2005",829.2852875
"JOBSI0C","61","2005",944.0257397
"JOBSI0C","63","2005",4342.936246
"JOBSI0C","65","2005",2583.236555
"JOBSI0C","67","2005",31336.76946
"JOBSI0C","69","2005",161861.8567
"JOBSI0C","71","2005",7650.502293
"JOBSI0C","73","2005",3086.580465
"JOBSI0C","75","2005",11268.51437
"JOBSI0C","77","2005",71243.14629
"JOBSI0C","79","2005",625
"JOBSI0C","81","2005",6608.888899
"JOBSI0C","83","2005",12496.61649
"JOBSI0C","85","2005",19920.52508
"JOBSI0C","87","2005",14383.97087
"JOBSI0C","89","2005",8838.906572
"JOBSI0C","91","2005",2587.06087
"JOBSI0C","93","2005",4505.094699
"JOBSI0C","95","2005",2209.680288
"JOBSI0C","97","2005",20677.59696
"JOBSI0C","99","2005",6864.094275
"JOBSI0C","101","2005",66493.09278
"JOBSI0C","103","2005",4154.532192
"JOBSI0C","105","2005",6005.726768
"JOBSI0C","107","2005",18760.2099
"JOBSI0C","109","2005",2816.145027
"JOBSI0C","111","2005",378
"JOBSI0C","113","2005",6843.964216
"JOBSI0C","115","2005",1311.966866
"JOBSI0C","117","2005",22523.13159
"JOBSI0C","119","2005",9624.993933
"JOBSI0C","121","2005",2360.879688
"JOBSI0C","123","2005",101424.3113
"JOBSI0C","125","2005",5795.447849
"JOBSI0C","500","2005",1629348.872
"JOBSI0C","3","2006",9788.3097
"JOBSI0C","7","2006",6296.155931
"JOBSI0C","9","2006",2120.184112
"JOBSI0C","11","2006",1958.798331
"JOBSI0C","15","2006",9052.623363
"JOBSI0C","17","2006",1142.974576
"JOBSI0C","19","2006",4410
"JOBSI0C","21","2006",2444.039474
"JOBSI0C","23","2006",1135.189454
"JOBSI0C","25","2006",1566.044138
"JOBSI0C","27","2006",1690.656613
"JOBSI0C","29","2006",12769.10671
"JOBSI0C","33","2006",780.6409986
"JOBSI0C","37","2006",38432.48263
"JOBSI0C","39","2006",7192.099074
"JOBSI0C","41","2006",328940.102
"JOBSI0C","43","2006",17852.46234
"JOBSI0C","45","2006",33050.06511
"JOBSI0C","47","2006",5894.097596
"JOBSI0C","49","2006",9439.935309
"JOBSI0C","51","2006",11315.72303
"JOBSI0C","53","2006",465.8607824
"JOBSI0C","55","2006",3003.166818
"JOBSI0C","57","2006",836.7919109
"JOBSI0C","61","2006",935.8814348
"JOBSI0C","63","2006",4323.145306
"JOBSI0C","65","2006",2717.040888
"JOBSI0C","67","2006",32689.86481
"JOBSI0C","69","2006",164715.9213
"JOBSI0C","71","2006",7908.698687
"JOBSI0C","73","2006",3071.995917
"JOBSI0C","75","2006",11240.9374
"JOBSI0C","77","2006",73956.67682
"JOBSI0C","79","2006",648
"JOBSI0C","81","2006",6750.357388
"JOBSI0C","83","2006",12737.1644
"JOBSI0C","85","2006",20621.36572
"JOBSI0C","87","2006",14354.28003
"JOBSI0C","89","2006",8639.547007
"JOBSI0C","91","2006",2770.66402
"JOBSI0C","93","2006",4609.836578
"JOBSI0C","95","2006",2137.311932
"JOBSI0C","97","2006",21222.08368
"JOBSI0C","99","2006",6490.49766
"JOBSI0C","101","2006",67936.57639
"JOBSI0C","103","2006",4523.711478
"JOBSI0C","105","2006",6075.981481
"JOBSI0C","107","2006",19257.8079
"JOBSI0C","109","2006",2750.833468
"JOBSI0C","111","2006",402
"JOBSI0C","113","2006",7042.360402
"JOBSI0C","115","2006",1310.474472
"JOBSI0C","117","2006",23534.94925
"JOBSI0C","119","2006",9820.819095
"JOBSI0C","121","2006",2301.473679
"JOBSI0C","123","2006",106303.7887
"JOBSI0C","125","2006",5880.107051
"JOBSI0C","500","2006",1658718.002
"JOBSI0C","3","2007",9736.357312
"JOBSI0C","7","2007",6375.391255
"JOBSI0C","9","2007",2058.521956
"JOBSI0C","11","2007",1970.484069
"JOBSI0C","15","2007",9227.048468
"JOBSI0C","17","2007",1180.287324
"JOBSI0C","19","2007",4580.909115
"JOBSI0C","21","2007",2523.616022
"JOBSI0C","23","2007",1089.247869
"JOBSI0C","25","2007",1589.781533
"JOBSI0C","27","2007",1710.68591
"JOBSI0C","29","2007",13202.61353
"JOBSI0C","33","2007",852.5806307
"JOBSI0C","37","2007",40292.98771
"JOBSI0C","39","2007",7053.313556
"JOBSI0C","41","2007",331012.2706
"JOBSI0C","43","2007",18036.26132
"JOBSI0C","45","2007",34966.16733
"JOBSI0C","47","2007",5493.572368
"JOBSI0C","49","2007",9960.24544
"JOBSI0C","51","2007",11535.78436
"JOBSI0C","53","2007",478.4009685
"JOBSI0C","55","2007",3018.772987
"JOBSI0C","57","2007",814.09175
"JOBSI0C","61","2007",922.4253731
"JOBSI0C","63","2007",4256.978416
"JOBSI0C","65","2007",2777.883333
"JOBSI0C","67","2007",33712.0455
"JOBSI0C","69","2007",168423.994
"JOBSI0C","71","2007",8074.289306
"JOBSI0C","73","2007",3016.857625
"JOBSI0C","75","2007",11319.77058
"JOBSI0C","77","2007",78697.94139
"JOBSI0C","79","2007",687.4652655
"JOBSI0C","81","2007",6867.45927
"JOBSI0C","83","2007",12865.7809
"JOBSI0C","85","2007",21308.31209
"JOBSI0C","87","2007",14122.58989
"JOBSI0C","89","2007",8533.556936
"JOBSI0C","91","2007",2870.325405
"JOBSI0C","93","2007",4881.64656
"JOBSI0C","95","2007",2147.40448
"JOBSI0C","97","2007",21161.43447
"JOBSI0C","99","2007",6447.81194
"JOBSI0C","101","2007",69916.36257
"JOBSI0C","103","2007",5357.669908
"JOBSI0C","105","2007",6043.876075
"JOBSI0C","107","2007",20218.0658
"JOBSI0C","109","2007",2682.760545
"JOBSI0C","111","2007",456.6254368
"JOBSI0C","113","2007",7381.04444
"JOBSI0C","115","2007",1430.769
"JOBSI0C","117","2007",24189.7516
"JOBSI0C","119","2007",9949.143625
"JOBSI0C","121","2007",2176.75611
"JOBSI0C","123","2007",108957.1047
"JOBSI0C","125","2007",5977.75064
"JOBSI0C","500","2007",1697785.691
"JOBSI0C","3","2008",9872.019967
"JOBSI0C","7","2008",6301.600934
"JOBSI0C","9","2008",2093.128646
"JOBSI0C","11","2008",2010.01175
"JOBSI0C","15","2008",9428.885982
"JOBSI0C","17","2008",1226.460185
"JOBSI0C","19","2008",4671.8
"JOBSI0C","21","2008",2463.273388
"JOBSI0C","23","2008",1148.136069
"JOBSI0C","25","2008",1616.936371
"JOBSI0C","27","2008",1729.112153
"JOBSI0C","29","2008",13365.98926
"JOBSI0C","33","2008",823.6292312
"JOBSI0C","37","2008",40622.13769
"JOBSI0C","39","2008",7000.157777
"JOBSI0C","41","2008",333088.4392
"JOBSI0C","43","2008",18019.60501
"JOBSI0C","45","2008",36763.19009
"JOBSI0C","47","2008",5367.4
"JOBSI0C","49","2008",9956.102076
"JOBSI0C","51","2008",11618.64711
"JOBSI0C","53","2008",487.3666667
"JOBSI0C","55","2008",3091.808508
"JOBSI0C","57","2008",846.2501297
"JOBSI0C","61","2008",975.9380925
"JOBSI0C","63","2008",4343.95368
"JOBSI0C","65","2008",2845
"JOBSI0C","67","2008",34121.66816
"JOBSI0C","69","2008",170288.169
"JOBSI0C","71","2008",8235.950506
"JOBSI0C","73","2008",3020.902933
"JOBSI0C","75","2008",11372.38702
"JOBSI0C","77","2008",81614.77621
"JOBSI0C","79","2008",682.55
"JOBSI0C","81","2008",7129.93451
"JOBSI0C","83","2008",12528.29268
"JOBSI0C","85","2008",21142.67657
"JOBSI0C","87","2008",14222.85123
"JOBSI0C","89","2008",8496.69585
"JOBSI0C","91","2008",2854.614504
"JOBSI0C","93","2008",4791.036804
"JOBSI0C","95","2008",2183.513347
"JOBSI0C","97","2008",21939.25529
"JOBSI0C","99","2008",6365.002844
"JOBSI0C","101","2008",70453.19314
"JOBSI0C","103","2008",5024.743354
"JOBSI0C","105","2008",6023.097722
"JOBSI0C","107","2008",20222.93877
"JOBSI0C","109","2008",2723.557276
"JOBSI0C","111","2008",425
"JOBSI0C","113","2008",7127.6
"JOBSI0C","115","2008",1288.766667
"JOBSI0C","117","2008",24010.45649
"JOBSI0C","119","2008",10208.65
"JOBSI0C","121","2008",2208.423651
"JOBSI0C","123","2008",110104.4229
"JOBSI0C","125","2008",6035.725965
"JOBSI0C","500","2008",1718785.618
"JOBSI0C","3","2009",9730.039933
"JOBSI0C","7","2009",5807.201868
"JOBSI0C","9","2009",2074.257293
"JOBSI0C","11","2009",2012.0235
"JOBSI0C","15","2009",9116.771964
"JOBSI0C","17","2009",1211.920369
"JOBSI0C","19","2009",4356.6
"JOBSI0C","21","2009",2391.546776
"JOBSI0C","23","2009",1133.272138
"JOBSI0C","25","2009",1587.872742
"JOBSI0C","27","2009",1697.224306
"JOBSI0C","29","2009",12865.97852
"JOBSI0C","33","2009",754.2584624
"JOBSI0C","37","2009",37403.27539
"JOBSI0C","39","2009",6553.315554
"JOBSI0C","41","2009",324776.8785
"JOBSI0C","43","2009",17220.21002
"JOBSI0C","45","2009",33221.38018
"JOBSI0C","47","2009",5739.8
"JOBSI0C","49","2009",9250.204152
"JOBSI0C","51","2009",10918.29421
"JOBSI0C","53","2009",470.7333333
"JOBSI0C","55","2009",2926.617017
"JOBSI0C","57","2009",872.5002594
"JOBSI0C","61","2009",1002.876185
"JOBSI0C","63","2009",4373.907359
"JOBSI0C","65","2009",2656
"JOBSI0C","67","2009",32518.33632
"JOBSI0C","69","2009",165115.338
"JOBSI0C","71","2009",7527.901012
"JOBSI0C","73","2009",2933.805866
"JOBSI0C","75","2009",11257.77404
"JOBSI0C","77","2009",76959.55242
"JOBSI0C","79","2009",645.1
"JOBSI0C","81","2009",7147.86902
"JOBSI0C","83","2009",12155.58537
"JOBSI0C","85","2009",19982.35315
"JOBSI0C","87","2009",14161.70245
"JOBSI0C","89","2009",8368.391699
"JOBSI0C","91","2009",2585.229009
"JOBSI0C","93","2009",4468.073607
"JOBSI0C","95","2009",2217.026693
"JOBSI0C","97","2009",20079.51057
"JOBSI0C","99","2009",6122.005688
"JOBSI0C","101","2009",68528.38628
"JOBSI0C","103","2009",4323.486707
"JOBSI0C","105","2009",5959.195444
"JOBSI0C","107","2009",18697.87755
"JOBSI0C","109","2009",2728.114552
"JOBSI0C","111","2009",383
"JOBSI0C","113","2009",6573.2
"JOBSI0C","115","2009",1253.533333
"JOBSI0C","117","2009",22476.91299
"JOBSI0C","119","2009",9775.3
"JOBSI0C","121","2009",2146.847302
"JOBSI0C","123","2009",105925.8458
"JOBSI0C","125","2009",5860.45193
"JOBSI0C","500","2009",1650793.237
"JOBSI0C","3","2010",9732.0599
"JOBSI0C","7","2010",5584.802803
"JOBSI0C","9","2010",2016.385939
"JOBSI0C","11","2010",1958.03525
"JOBSI0C","15","2010",8985.657945
"JOBSI0C","17","2010",1201.380554
"JOBSI0C","19","2010",4299.4
"JOBSI0C","21","2010",2419.820164
"JOBSI0C","23","2010",1122.408207
"JOBSI0C","25","2010",1507.809112
"JOBSI0C","27","2010",1600.336458
"JOBSI0C","29","2010",12397.96777
"JOBSI0C","33","2010",708.8876936
"JOBSI0C","37","2010",35649.41308
"JOBSI0C","39","2010",6465.473331
"JOBSI0C","41","2010",325916.3177
"JOBSI0C","43","2010",17006.81503
"JOBSI0C","45","2010",31237.57027
"JOBSI0C","47","2010",6146.2
"JOBSI0C","49","2010",8816.306228
"JOBSI0C","51","2010",10624.94132
"JOBSI0C","53","2010",424.1
"JOBSI0C","55","2010",2699.425525
"JOBSI0C","57","2010",814.7503892
"JOBSI0C","61","2010",996.8142774
"JOBSI0C","63","2010",4330.861039
"JOBSI0C","65","2010",2516
"JOBSI0C","67","2010",31512.00448
"JOBSI0C","69","2010",165484.507
"JOBSI0C","71","2010",7177.851518
"JOBSI0C","73","2010",2909.708799
"JOBSI0C","75","2010",10806.16105
"JOBSI0C","77","2010",73542.32862
"JOBSI0C","79","2010",582.65
"JOBSI0C","81","2010",6605.80353
"JOBSI0C","83","2010",12058.87805
"JOBSI0C","85","2010",19139.02972
"JOBSI0C","87","2010",14181.55368
"JOBSI0C","89","2010",8252.087549
"JOBSI0C","91","2010",2427.843513
"JOBSI0C","93","2010",4335.110411
"JOBSI0C","95","2010",2194.54004
"JOBSI0C","97","2010",19323.76586
"JOBSI0C","99","2010",6080.008531
"JOBSI0C","101","2010",68473.57942
"JOBSI0C","103","2010",4073.230061
"JOBSI0C","105","2010",5879.293166
"JOBSI0C","107","2010",17621.81632
"JOBSI0C","109","2010",2708.671829
"JOBSI0C","111","2010",337
"JOBSI0C","113","2010",6363.8
"JOBSI0C","115","2010",1233.3
"JOBSI0C","117","2010",22193.36948
"JOBSI0C","119","2010",9656.95
"JOBSI0C","121","2010",2123.270953
"JOBSI0C","123","2010",105128.2686
"JOBSI0C","125","2010",5734.177896
"JOBSI0C","500","2010",1641310.855
"JOBSI0C","3","2011",9704.079867
"JOBSI0C","7","2011",5647.403737
"JOBSI0C","9","2011",2073.514585
"JOBSI0C","11","2011",1921.046999
"JOBSI0C","15","2011",9065.543927
"JOBSI0C","17","2011",1271.840739
"JOBSI0C","19","2011",4326.2
"JOBSI0C","21","2011",2478.093552
"JOBSI0C","23","2011",1201.544276
"JOBSI0C","25","2011",1574.745483
"JOBSI0C","27","2011",1645.448611
"JOBSI0C","29","2011",12473.95703
"JOBSI0C","33","2011",749.5169248
"JOBSI0C","37","2011",35870.55078
"JOBSI0C","39","2011",6482.631108
"JOBSI0C","41","2011",329981.7569
"JOBSI0C","43","2011",17108.42004
"JOBSI0C","45","2011",31768.76036
"JOBSI0C","47","2011",6069.6
"JOBSI0C","49","2011",8809.408304
"JOBSI0C","51","2011",10596.58843
"JOBSI0C","53","2011",461.4666667
"JOBSI0C","55","2011",2760.234034
"JOBSI0C","57","2011",853.0005189
"JOBSI0C","61","2011",1104.75237
"JOBSI0C","63","2011",4329.814718
"JOBSI0C","65","2011",2630
"JOBSI0C","67","2011",31436.67264
"JOBSI0C","69","2011",168423.6761
"JOBSI0C","71","2011",7035.802024
"JOBSI0C","73","2011",2996.611731
"JOBSI0C","75","2011",10746.54807
"JOBSI0C","77","2011",73990.10483
"JOBSI0C","79","2011",663.2
"JOBSI0C","81","2011",6511.73804
"JOBSI0C","83","2011",12109.17074
"JOBSI0C","85","2011",18763.70629
"JOBSI0C","87","2011",14942.40491
"JOBSI0C","89","2011",8182.783399
"JOBSI0C","91","2011",2419.458018
"JOBSI0C","93","2011",4317.147215
"JOBSI0C","95","2011",2249.053387
"JOBSI0C","97","2011",19574.02115
"JOBSI0C","99","2011",6226.011375
"JOBSI0C","101","2011",69530.77256
"JOBSI0C","103","2011",4140.973414
"JOBSI0C","105","2011",5722.390888
"JOBSI0C","107","2011",17773.7551
"JOBSI0C","109","2011",2722.229105
"JOBSI0C","111","2011",415
"JOBSI0C","113","2011",6400.4
"JOBSI0C","115","2011",1272.066667
"JOBSI0C","117","2011",22476.82598
"JOBSI0C","119","2011",9771.6
"JOBSI0C","121","2011",2180.694605
"JOBSI0C","123","2011",109326.6915
"JOBSI0C","125","2011",5938.903861
"JOBSI0C","500","2011",1674643.473
"JOBSI0C","3","2012",9601.099833
"JOBSI0C","7","2012",5537.004671
"JOBSI0C","9","2012",1989.643232
"JOBSI0C","11","2012",1684.058749
"JOBSI0C","15","2012",9220.429909
"JOBSI0C","17","2012",1221.300924
"JOBSI0C","19","2012",4227
"JOBSI0C","21","2012",2493.366941
"JOBSI0C","23","2012",1207.680345
"JOBSI0C","25","2012",1471.681854
"JOBSI0C","27","2012",1534.560764
"JOBSI0C","29","2012",12504.94629
"JOBSI0C","33","2012",739.1461561
"JOBSI0C","37","2012",36654.68847
"JOBSI0C","39","2012",6577.788884
"JOBSI0C","41","2012",332436.1962
"JOBSI0C","43","2012",16860.02505
"JOBSI0C","45","2012",32243.95045
"JOBSI0C","47","2012",5970
"JOBSI0C","49","2012",8798.51038
"JOBSI0C","51","2012",10503.23553
"JOBSI0C","53","2012",425.8333333
"JOBSI0C","55","2012",2635.042542
"JOBSI0C","57","2012",785.2506486
"JOBSI0C","61","2012",1064.690462
"JOBSI0C","63","2012",4291.768398
"JOBSI0C","65","2012",2832
"JOBSI0C","67","2012",31903.34081
"JOBSI0C","69","2012",172733.8451
"JOBSI0C","71","2012",6887.752529
"JOBSI0C","73","2012",2930.514664
"JOBSI0C","75","2012",10815.93509
"JOBSI0C","77","2012",74769.88104
"JOBSI0C","79","2012",663.75
"JOBSI0C","81","2012",6440.67255
"JOBSI0C","83","2012",12048.46342
"JOBSI0C","85","2012",18674.38287
"JOBSI0C","87","2012",14922.25614
"JOBSI0C","89","2012",7959.479249
"JOBSI0C","91","2012",2484.072522
"JOBSI0C","93","2012",4275.184019
"JOBSI0C","95","2012",2214.566733
"JOBSI0C","97","2012",19857.27644
"JOBSI0C","99","2012",6025.014219
"JOBSI0C","101","2012",69292.9657
"JOBSI0C","103","2012",4080.716768
"JOBSI0C","105","2012",5629.48861
"JOBSI0C","107","2012",18191.69387
"JOBSI0C","109","2012",2794.786381
"JOBSI0C","111","2012",406
"JOBSI0C","113","2012",6399
"JOBSI0C","115","2012",1262.833333
"JOBSI0C","117","2012",22748.28247
"JOBSI0C","119","2012",9764.25
"JOBSI0C","121","2012",2211.118256
"JOBSI0C","123","2012",113386.1144
"JOBSI0C","125","2012",5866.629826
"JOBSI0C","500","2012",1723281.091
"JOBSI0C","3","2013",9577.402
"JOBSI0C","7","2013",5832.81
"JOBSI0C","9","2013",1935.394
"JOBSI0C","11","2013",1668.974
"JOBSI0C","15","2013",9370.626
"JOBSI0C","17","2013",1238.623
"JOBSI0C","19","2013",4266.579
"JOBSI0C","21","2013",2531.422
"JOBSI0C","23","2013",1272.341
"JOBSI0C","25","2013",1444.816
"JOBSI0C","27","2013",1540.287
"JOBSI0C","29","2013",12485.26
"JOBSI0C","33","2013",816.7755
"JOBSI0C","37","2013",37231.72
"JOBSI0C","39","2013",6905.147
"JOBSI0C","41","2013",342336.5
"JOBSI0C","43","2013",16637.21
"JOBSI0C","45","2013",32682.47
"JOBSI0C","47","2013",5836.856
"JOBSI0C","49","2013",9103.503
"JOBSI0C","51","2013",10628.26
"JOBSI0C","53","2013",411.6842
"JOBSI0C","55","2013",2711.528
"JOBSI0C","57","2013",751.2531
"JOBSI0C","61","2013",1056.919
"JOBSI0C","63","2013",4270.748
"JOBSI0C","65","2013",2853.16
"JOBSI0C","67","2013",32793.38
"JOBSI0C","69","2013",176764.7
"JOBSI0C","71","2013",6887.252
"JOBSI0C","73","2013",2962.271
"JOBSI0C","75","2013",10920.19
"JOBSI0C","77","2013",75135.83
"JOBSI0C","79","2013",635.5122
"JOBSI0C","81","2013",6398.145
"JOBSI0C","83","2013",12282.28
"JOBSI0C","85","2013",18694.01
"JOBSI0C","87","2013",14940.96
"JOBSI0C","89","2013",7798.708
"JOBSI0C","91","2013",2559.607
"JOBSI0C","93","2013",4164.124
"JOBSI0C","95","2013",2276
"JOBSI0C","97","2013",20296.29
"JOBSI0C","99","2013",5956.578
"JOBSI0C","101","2013",69266.87
"JOBSI0C","103","2013",4185.988
"JOBSI0C","105","2013",5507.866
"JOBSI0C","107","2013",18905.82
"JOBSI0C","109","2013",2815.301
"JOBSI0C","111","2013",355.1624
"JOBSI0C","113","2013",6531.503
"JOBSI0C","115","2013",1239.097
"JOBSI0C","117","2013",23456.25
"JOBSI0C","119","2013",9549.791
"JOBSI0C","121","2013",2162.222
"JOBSI0C","123","2013",118608.5
"JOBSI0C","125","2013",5964.264
"JOBSI0C","500","2013",1776762
"JOBSI0C","3","2014",9783.255
"JOBSI0C","7","2014",6101.712
"JOBSI0C","9","2014",1946.857
"JOBSI0C","11","2014",1699.451
"JOBSI0C","15","2014",9824.9
"JOBSI0C","17","2014",1251.637
"JOBSI0C","19","2014",4281.335
"JOBSI0C","21","2014",2608.863
"JOBSI0C","23","2014",1331.703
"JOBSI0C","25","2014",1493.883
"JOBSI0C","27","2014",1625.254
"JOBSI0C","29","2014",12811.71
"JOBSI0C","33","2014",834.4051
"JOBSI0C","37","2014",38587.96
"JOBSI0C","39","2014",7312.219
"JOBSI0C","41","2014",344188
"JOBSI0C","43","2014",17194.26
"JOBSI0C","45","2014",33534.56
"JOBSI0C","47","2014",6020.179
"JOBSI0C","49","2014",9345.622
"JOBSI0C","51","2014",10505.14
"JOBSI0C","53","2014",421.3501
"JOBSI0C","55","2014",2744.453
"JOBSI0C","57","2014",727.1692
"JOBSI0C","61","2014",1068.868
"JOBSI0C","63","2014",4299.45
"JOBSI0C","65","2014",3104.013
"JOBSI0C","67","2014",33788.17
"JOBSI0C","69","2014",181315.2
"JOBSI0C","71","2014",7025.066
"JOBSI0C","73","2014",2948.447
"JOBSI0C","75","2014",11058.34
"JOBSI0C","77","2014",76316.3
"JOBSI0C","79","2014",644.6517
"JOBSI0C","81","2014",6421.614
"JOBSI0C","83","2014",12690.99
"JOBSI0C","85","2014",19315.4
"JOBSI0C","87","2014",14878.58
"JOBSI0C","89","2014",7842.849
"JOBSI0C","91","2014",2657.071
"JOBSI0C","93","2014",4283.348
"JOBSI0C","95","2014",2334.309
"JOBSI0C","97","2014",20817.67
"JOBSI0C","99","2014",6010.195
"JOBSI0C","101","2014",71076.84
"JOBSI0C","103","2014",4146.609
"JOBSI0C","105","2014",5605.589
"JOBSI0C","107","2014",19662.36
"JOBSI0C","109","2014",2928.798
"JOBSI0C","111","2014",364.0994
"JOBSI0C","113","2014",6680.901
"JOBSI0C","115","2014",1253.904
"JOBSI0C","117","2014",24149.67
"JOBSI0C","119","2014",9974.09
"JOBSI0C","121","2014",2193.55
"JOBSI0C","123","2014",123102.8
"JOBSI0C","125","2014",6011.71
"JOBSI0C","500","2014",1829281
"JOBSI0C","3","2015",9935.356
"JOBSI0C","7","2015",6366.117
"JOBSI0C","9","2015",1945.065
"JOBSI0C","11","2015",1729.307
"JOBSI0C","15","2015",10191.8
"JOBSI0C","17","2015",1274.617
"JOBSI0C","19","2015",4364.928
"JOBSI0C","21","2015",2658.297
"JOBSI0C","23","2015",1368.368
"JOBSI0C","25","2015",1531.421
"JOBSI0C","27","2015",1705.492
"JOBSI0C","29","2015",13015.88
"JOBSI0C","33","2015",852.6147
"JOBSI0C","37","2015",39885.95
"JOBSI0C","39","2015",7690.221
"JOBSI0C","41","2015",350207.5
"JOBSI0C","43","2015",17590.16
"JOBSI0C","45","2015",34650.22
"JOBSI0C","47","2015",6190.095
"JOBSI0C","49","2015",9591.719
"JOBSI0C","51","2015",10659.45
"JOBSI0C","53","2015",442.4325
"JOBSI0C","55","2015",2795.106
"JOBSI0C","57","2015",724.4488
"JOBSI0C","61","2015",1082.543
"JOBSI0C","63","2015",4327.304
"JOBSI0C","65","2015",3178.923
"JOBSI0C","67","2015",34774.43
"JOBSI0C","69","2015",185436.1
"JOBSI0C","71","2015",7134.229
"JOBSI0C","73","2015",2948.316
"JOBSI0C","75","2015",11083.6
"JOBSI0C","77","2015",77513.58
"JOBSI0C","79","2015",650.101
"JOBSI0C","81","2015",6482.661
"JOBSI0C","83","2015",13065.27
"JOBSI0C","85","2015",20009.89
"JOBSI0C","87","2015",15003.4
"JOBSI0C","89","2015",7854.964
"JOBSI0C","91","2015",2759.296
"JOBSI0C","93","2015",4443.737
"JOBSI0C","95","2015",2375.453
"JOBSI0C","97","2015",21392.2
"JOBSI0C","99","2015",6051.118
"JOBSI0C","101","2015",72348.33
"JOBSI0C","103","2015",4172.364
"JOBSI0C","105","2015",5694.025
"JOBSI0C","107","2015",20343.14
"JOBSI0C","109","2015",2975.278
"JOBSI0C","111","2015",373.0276
"JOBSI0C","113","2015",6850.452
"JOBSI0C","115","2015",1260.349
"JOBSI0C","117","2015",24856.05
"JOBSI0C","119","2015",10289.47
"JOBSI0C","121","2015",2189.217
"JOBSI0C","123","2015",126789.9
"JOBSI0C","125","2015",6091.568
"JOBSI0C","500","2015",1886272
"JOBSI0C","3","2016",10116.85
"JOBSI0C","7","2016",6630.596
"JOBSI0C","9","2016",1943.108
"JOBSI0C","11","2016",1759.759
"JOBSI0C","15","2016",10575.35
"JOBSI0C","17","2016",1294.455
"JOBSI0C","19","2016",4469.957
"JOBSI0C","21","2016",2698.364
"JOBSI0C","23","2016",1385.274
"JOBSI0C","25","2016",1561.81
"JOBSI0C","27","2016",1790.019
"JOBSI0C","29","2016",13268.62
"JOBSI0C","33","2016",871.5854
"JOBSI0C","37","2016",41344.72
"JOBSI0C","39","2016",8100.766
"JOBSI0C","41","2016",357877.3
"JOBSI0C","43","2016",18035.08
"JOBSI0C","45","2016",36015.32
"JOBSI0C","47","2016",6469.704
"JOBSI0C","49","2016",9910.675
"JOBSI0C","51","2016",10898.94
"JOBSI0C","53","2016",450.46
"JOBSI0C","55","2016",2857.331
"JOBSI0C","57","2016",751.8581
"JOBSI0C","61","2016",1082.204
"JOBSI0C","63","2016",4396.799
"JOBSI0C","65","2016",3281.579
"JOBSI0C","67","2016",35923.01
"JOBSI0C","69","2016",190535.4
"JOBSI0C","71","2016",7293.564
"JOBSI0C","73","2016",2973.157
"JOBSI0C","75","2016",11139.93
"JOBSI0C","77","2016",79378.04
"JOBSI0C","79","2016",677.9085
"JOBSI0C","81","2016",6592.026
"JOBSI0C","83","2016",13485.3
"JOBSI0C","85","2016",20334.72
"JOBSI0C","87","2016",15151.44
"JOBSI0C","89","2016",7908.811
"JOBSI0C","91","2016",2851.229
"JOBSI0C","93","2016",4662.714
"JOBSI0C","95","2016",2393.498
"JOBSI0C","97","2016",22030.62
"JOBSI0C","99","2016",6113.351
"JOBSI0C","101","2016",73719.98
"JOBSI0C","103","2016",4240.495
"JOBSI0C","105","2016",5811.228
"JOBSI0C","107","2016",21083.49
"JOBSI0C","109","2016",3035.022
"JOBSI0C","111","2016",387.6439
"JOBSI0C","113","2016",7115.906
"JOBSI0C","115","2016",1266.692
"JOBSI0C","117","2016",25616.29
"JOBSI0C","119","2016",10731.18
"JOBSI0C","121","2016",2202.431
"JOBSI0C","123","2016",130152.6
"JOBSI0C","125","2016",6175.631
"JOBSI0C","500","2016",1940706
"JOBSI0C","3","2017",10269.53
"JOBSI0C","7","2017",6859.397
"JOBSI0C","9","2017",1938.992
"JOBSI0C","11","2017",1777.298
"JOBSI0C","15","2017",10886.84
"JOBSI0C","17","2017",1335.74
"JOBSI0C","19","2017",4564.199
"JOBSI0C","21","2017",2729.09
"JOBSI0C","23","2017",1396.823
"JOBSI0C","25","2017",1585.354
"JOBSI0C","27","2017",1858.829
"JOBSI0C","29","2017",13522.55
"JOBSI0C","33","2017",886.0348
"JOBSI0C","37","2017",42550.7
"JOBSI0C","39","2017",8473.608
"JOBSI0C","41","2017",365557.3
"JOBSI0C","43","2017",18385.61
"JOBSI0C","45","2017",37402.33
"JOBSI0C","47","2017",6656.593
"JOBSI0C","49","2017",10165.59
"JOBSI0C","51","2017",11143
"JOBSI0C","53","2017",462.1943
"JOBSI0C","55","2017",2906.315
"JOBSI0C","57","2017",775.0266
"JOBSI0C","61","2017",1086.815
"JOBSI0C","63","2017",4494.208
"JOBSI0C","65","2017",3368.738
"JOBSI0C","67","2017",36968.27
"JOBSI0C","69","2017",195067.5
"JOBSI0C","71","2017",7443.448
"JOBSI0C","73","2017",3028.965
"JOBSI0C","75","2017",11193.53
"JOBSI0C","77","2017",81488.98
"JOBSI0C","79","2017",698.4152
"JOBSI0C","81","2017",6695.607
"JOBSI0C","83","2017",13858.24
"JOBSI0C","85","2017",20819.86
"JOBSI0C","87","2017",15291.33
"JOBSI0C","89","2017",7947.002
"JOBSI0C","91","2017",2928.436
"JOBSI0C","93","2017",4848.226
"JOBSI0C","95","2017",2405.426
"JOBSI0C","97","2017",22547.16
"JOBSI0C","99","2017",6170.155
"JOBSI0C","101","2017",74798.61
"JOBSI0C","103","2017",4350.757
"JOBSI0C","105","2017",5904.069
"JOBSI0C","107","2017",21676.97
"JOBSI0C","109","2017",3087.55
"JOBSI0C","111","2017",399.6468
"JOBSI0C","113","2017",7332.134
"JOBSI0C","115","2017",1270.446
"JOBSI0C","117","2017",26236.59
"JOBSI0C","119","2017",11090.25
"JOBSI0C","121","2017",2205.979
"JOBSI0C","123","2017",133552.5
"JOBSI0C","125","2017",6258.871
"JOBSI0C","500","2017",1992348
"JOBSI0C","3","2018",10414.54
"JOBSI0C","7","2018",7056.3
"JOBSI0C","9","2018",1939.783
"JOBSI0C","11","2018",1793.466
"JOBSI0C","15","2018",11160.45
"JOBSI0C","17","2018",1379.426
"JOBSI0C","19","2018",4636.925
"JOBSI0C","21","2018",2761.961
"JOBSI0C","23","2018",1409.202
"JOBSI0C","25","2018",1607.448
"JOBSI0C","27","2018",1919.449
"JOBSI0C","29","2018",13811.39
"JOBSI0C","33","2018",898.3227
"JOBSI0C","37","2018",43521.38
"JOBSI0C","39","2018",8846.761
"JOBSI0C","41","2018",373370.1
"JOBSI0C","43","2018",18736.94
"JOBSI0C","45","2018",38587.86
"JOBSI0C","47","2018",6741.024
"JOBSI0C","49","2018",10363.06
"JOBSI0C","51","2018",11353.49
"JOBSI0C","53","2018",474.5575
"JOBSI0C","55","2018",2950.408
"JOBSI0C","57","2018",798.6291
"JOBSI0C","61","2018",1094.216
"JOBSI0C","63","2018",4608.549
"JOBSI0C","65","2018",3445.743
"JOBSI0C","67","2018",37864.07
"JOBSI0C","69","2018",199498.3
"JOBSI0C","71","2018",7570.841
"JOBSI0C","73","2018",3097.288
"JOBSI0C","75","2018",11258.51
"JOBSI0C","77","2018",83564.91
"JOBSI0C","79","2018",710.6348
"JOBSI0C","81","2018",6800.979
"JOBSI0C","83","2018",14197.55
"JOBSI0C","85","2018",21265.52
"JOBSI0C","87","2018",15430.12
"JOBSI0C","89","2018",7997.897
"JOBSI0C","91","2018",2983.57
"JOBSI0C","93","2018",5006.735
"JOBSI0C","95","2018",2419.941
"JOBSI0C","97","2018",22929.73
"JOBSI0C","99","2018",6230.103
"JOBSI0C","101","2018",75948.4
"JOBSI0C","103","2018",4422.184
"JOBSI0C","105","2018",6004.518
"JOBSI0C","107","2018",22156.67
"JOBSI0C","109","2018",3145.132
"JOBSI0C","111","2018",409.2084
"JOBSI0C","113","2018",7490.434
"JOBSI0C","115","2018",1277.209
"JOBSI0C","117","2018",26708.95
"JOBSI0C","119","2018",11390.7
"JOBSI0C","121","2018",2206.972
"JOBSI0C","123","2018",136870.5
"JOBSI0C","125","2018",6326.182
"JOBSI0C","500","2018",2041271
"JOBSI0C","3","2019",10558.36
"JOBSI0C","7","2019",7232.202
"JOBSI0C","9","2019",1940.873
"JOBSI0C","11","2019",1809.482
"JOBSI0C","15","2019",11401.81
"JOBSI0C","17","2019",1420.711
"JOBSI0C","19","2019",4693.072
"JOBSI0C","21","2019",2792.789
"JOBSI0C","23","2019",1420.482
"JOBSI0C","25","2019",1627.637
"JOBSI0C","27","2019",1969.409
"JOBSI0C","29","2019",14075.04
"JOBSI0C","33","2019",907.8648
"JOBSI0C","37","2019",44438.09
"JOBSI0C","39","2019",9190.738
"JOBSI0C","41","2019",381202.3
"JOBSI0C","43","2019",19059.79
"JOBSI0C","45","2019",39692.84
"JOBSI0C","47","2019",6784.037
"JOBSI0C","49","2019",10540.43
"JOBSI0C","51","2019",11501.81
"JOBSI0C","53","2019",481.2124
"JOBSI0C","55","2019",2993.529
"JOBSI0C","57","2019",822.718
"JOBSI0C","61","2019",1101.092
"JOBSI0C","63","2019",4719.466
"JOBSI0C","65","2019",3506.279
"JOBSI0C","67","2019",38701.4
"JOBSI0C","69","2019",203902.3
"JOBSI0C","71","2019",7691.548
"JOBSI0C","73","2019",3163.371
"JOBSI0C","75","2019",11331.79
"JOBSI0C","77","2019",85641.11
"JOBSI0C","79","2019",719.4263
"JOBSI0C","81","2019",6901.992
"JOBSI0C","83","2019",14518.06
"JOBSI0C","85","2019",21775.81
"JOBSI0C","87","2019",15577.12
"JOBSI0C","89","2019",8048.07
"JOBSI0C","91","2019",3026.129
"JOBSI0C","93","2019",5143.337
"JOBSI0C","95","2019",2436.069
"JOBSI0C","97","2019",23262.14
"JOBSI0C","99","2019",6289.658
"JOBSI0C","101","2019",77208.7
"JOBSI0C","103","2019",4482.003
"JOBSI0C","105","2019",6106.134
"JOBSI0C","107","2019",22563.93
"JOBSI0C","109","2019",3204.379
"JOBSI0C","111","2019",416.741
"JOBSI0C","113","2019",7598.473
"JOBSI0C","115","2019",1285.799
"JOBSI0C","117","2019",27128.69
"JOBSI0C","119","2019",11647.93
"JOBSI0C","121","2019",2207.229
"JOBSI0C","123","2019",140245.8
"JOBSI0C","125","2019",6382.957
"JOBSI0C","500","2019",2085105
"JOBSI0C","3","2020",10699.93
"JOBSI0C","7","2020",7391.316
"JOBSI0C","9","2020",1944.728
"JOBSI0C","11","2020",1823.72
"JOBSI0C","15","2020",11631.78
"JOBSI0C","17","2020",1458.413
"JOBSI0C","19","2020",4740.479
"JOBSI0C","21","2020",2822.136
"JOBSI0C","23","2020",1430.061
"JOBSI0C","25","2020",1645.85
"JOBSI0C","27","2020",2010.643
"JOBSI0C","29","2020",14334.41
"JOBSI0C","33","2020",916.6126
"JOBSI0C","37","2020",45334.67
"JOBSI0C","39","2020",9505.381
"JOBSI0C","41","2020",388897.2
"JOBSI0C","43","2020",19377.41
"JOBSI0C","45","2020",40757.72
"JOBSI0C","47","2020",6810.261
"JOBSI0C","49","2020",10707.38
"JOBSI0C","51","2020",11633.42
"JOBSI0C","53","2020",487.6626
"JOBSI0C","55","2020",3028.685
"JOBSI0C","57","2020",846.2865
"JOBSI0C","61","2020",1107.294
"JOBSI0C","63","2020",4818.181
"JOBSI0C","65","2020",3557.926
"JOBSI0C","67","2020",39490.05
"JOBSI0C","69","2020",208070.8
"JOBSI0C","71","2020",7810.91
"JOBSI0C","73","2020",3223.337
"JOBSI0C","75","2020",11419.75
"JOBSI0C","77","2020",87730.35
"JOBSI0C","79","2020",726.1272
"JOBSI0C","81","2020",6998.105
"JOBSI0C","83","2020",14816.39
"JOBSI0C","85","2020",22281.62
"JOBSI0C","87","2020",15745.67
"JOBSI0C","89","2020",8093.319
"JOBSI0C","91","2020",3057.111
"JOBSI0C","93","2020",5271.291
"JOBSI0C","95","2020",2456.192
"JOBSI0C","97","2020",23562.5
"JOBSI0C","99","2020",6350.418
"JOBSI0C","101","2020",78487.43
"JOBSI0C","103","2020",4543.768
"JOBSI0C","105","2020",6205.018
"JOBSI0C","107","2020",22914.63
"JOBSI0C","109","2020",3260.281
"JOBSI0C","111","2020",423.7485
"JOBSI0C","113","2020",7678.81
"JOBSI0C","115","2020",1297.974
"JOBSI0C","117","2020",27522.94
"JOBSI0C","119","2020",11879.5
"JOBSI0C","121","2020",2208.434
"JOBSI0C","123","2020",143650.3
"JOBSI0C","125","2020",6442.071
"JOBSI0C","500","2020",2123138
"JOBSI0C","3","2021",10890.64
"JOBSI0C","7","2021",7561.388
"JOBSI0C","9","2021",1956.782
"JOBSI0C","11","2021",1845.801
"JOBSI0C","15","2021",11896.37
"JOBSI0C","17","2021",1495.143
"JOBSI0C","19","2021",4795.181
"JOBSI0C","21","2021",2854.365
"JOBSI0C","23","2021",1441.01
"JOBSI0C","25","2021",1678.478
"JOBSI0C","27","2021",2054.122
"JOBSI0C","29","2021",14634.6
"JOBSI0C","33","2021",927.8845
"JOBSI0C","37","2021",46348.61
"JOBSI0C","39","2021",9847.259
"JOBSI0C","41","2021",397670
"JOBSI0C","43","2021",19822.69
"JOBSI0C","45","2021",41935.41
"JOBSI0C","47","2021",6839.688
"JOBSI0C","49","2021",10903.38
"JOBSI0C","51","2021",11809.9
"JOBSI0C","53","2021",495.8476
"JOBSI0C","55","2021",3066.998
"JOBSI0C","57","2021",873.0653
"JOBSI0C","61","2021",1114.958
"JOBSI0C","63","2021",4909.974
"JOBSI0C","65","2021",3613.501
"JOBSI0C","67","2021",40355.65
"JOBSI0C","69","2021",212919.9
"JOBSI0C","71","2021",7953.262
"JOBSI0C","73","2021",3291.542
"JOBSI0C","75","2021",11568.39
"JOBSI0C","77","2021",90064.31
"JOBSI0C","79","2021",732.5003
"JOBSI0C","81","2021",7116.644
"JOBSI0C","83","2021",15138.43
"JOBSI0C","85","2021",22834.15
"JOBSI0C","87","2021",15948.95
"JOBSI0C","89","2021",8169.447
"JOBSI0C","91","2021",3090.436
"JOBSI0C","93","2021",5419.708
"JOBSI0C","95","2021",2484.589
"JOBSI0C","97","2021",23913.56
"JOBSI0C","99","2021",6433.587
"JOBSI0C","101","2021",80122.21
"JOBSI0C","103","2021",4627.386
"JOBSI0C","105","2021",6313.313
"JOBSI0C","107","2021",23294.77
"JOBSI0C","109","2021",3312.947
"JOBSI0C","111","2021",431.9441
"JOBSI0C","113","2021",7766.37
"JOBSI0C","115","2021",1314.877
"JOBSI0C","117","2021",27979.44
"JOBSI0C","119","2021",12140.32
"JOBSI0C","121","2021",2216.26
"JOBSI0C","123","2021",147292.3
"JOBSI0C","125","2021",6514.526
"JOBSI0C","500","2021",2163859
"JOBSI0C","3","2022",11104.05
"JOBSI0C","7","2022",7746.748
"JOBSI0C","9","2022",1971.523
"JOBSI0C","11","2022",1868.947
"JOBSI0C","15","2022",12169.19
"JOBSI0C","17","2022",1530.31
"JOBSI0C","19","2022",4856.028
"JOBSI0C","21","2022",2884.599
"JOBSI0C","23","2022",1452.234
"JOBSI0C","25","2022",1717.47
"JOBSI0C","27","2022",2097.57
"JOBSI0C","29","2022",14961.58
"JOBSI0C","33","2022",940.992
"JOBSI0C","37","2022",47396.68
"JOBSI0C","39","2022",10206.43
"JOBSI0C","41","2022",407057.3
"JOBSI0C","43","2022",20329.08
"JOBSI0C","45","2022",43151.7
"JOBSI0C","47","2022",6868.089
"JOBSI0C","49","2022",11112.88
"JOBSI0C","51","2022",12006.49
"JOBSI0C","53","2022",505.4668
"JOBSI0C","55","2022",3105.344
"JOBSI0C","57","2022",899.8987
"JOBSI0C","61","2022",1123.251
"JOBSI0C","63","2022",4996.357
"JOBSI0C","65","2022",3669.19
"JOBSI0C","67","2022",41242.83
"JOBSI0C","69","2022",218127.2
"JOBSI0C","71","2022",8110.784
"JOBSI0C","73","2022",3366.7
"JOBSI0C","75","2022",11744.33
"JOBSI0C","77","2022",92466.72
"JOBSI0C","79","2022",738.5596
"JOBSI0C","81","2022",7240.588
"JOBSI0C","83","2022",15472.46
"JOBSI0C","85","2022",23419.8
"JOBSI0C","87","2022",16144.58
"JOBSI0C","89","2022",8257.161
"JOBSI0C","91","2022",3125.198
"JOBSI0C","93","2022",5582.577
"JOBSI0C","95","2022",2514.301
"JOBSI0C","97","2022",24285.31
"JOBSI0C","99","2022",6528.12
"JOBSI0C","101","2022",81897.1
"JOBSI0C","103","2022",4716.409
"JOBSI0C","105","2022",6416.274
"JOBSI0C","107","2022",23672.86
"JOBSI0C","109","2022",3360.536
"JOBSI0C","111","2022",440.7342
"JOBSI0C","113","2022",7862.649
"JOBSI0C","115","2022",1332.797
"JOBSI0C","117","2022",28460.53
"JOBSI0C","119","2022",12412.22
"JOBSI0C","121","2022",2223.34
"JOBSI0C","123","2022",151011.4
"JOBSI0C","125","2022",6583.876
"JOBSI0C","500","2022",2205884
"JOBSI0C","3","2023",11268.59
"JOBSI0C","7","2023",7939.21
"JOBSI0C","9","2023",1978.533
"JOBSI0C","11","2023",1884.083
"JOBSI0C","15","2023",12396.99
"JOBSI0C","17","2023",1563.543
"JOBSI0C","19","2023",4909.749
"JOBSI0C","21","2023",2912.939
"JOBSI0C","23","2023",1464.08
"JOBSI0C","25","2023",1738.803
"JOBSI0C","27","2023",2135.461
"JOBSI0C","29","2023",15264.14
"JOBSI0C","33","2023",952.4573
"JOBSI0C","37","2023",48381.83
"JOBSI0C","39","2023",10566.32
"JOBSI0C","41","2023",415275
"JOBSI0C","43","2023",20676.97
"JOBSI0C","45","2023",44312.25
"JOBSI0C","47","2023",6887.276
"JOBSI0C","49","2023",11306.75
"JOBSI0C","51","2023",12157.35
"JOBSI0C","53","2023",512.3173
"JOBSI0C","55","2023",3137.411
"JOBSI0C","57","2023",922.3067
"JOBSI0C","61","2023",1129.003
"JOBSI0C","63","2023",5079.069
"JOBSI0C","65","2023",3719.358
"JOBSI0C","67","2023",42055.43
"JOBSI0C","69","2023",222422.7
"JOBSI0C","71","2023",8246.461
"JOBSI0C","73","2023",3428.386
"JOBSI0C","75","2023",11869.21
"JOBSI0C","77","2023",94670.97
"JOBSI0C","79","2023",745.1113
"JOBSI0C","81","2023",7346.189
"JOBSI0C","83","2023",15778.67
"JOBSI0C","85","2023",23962.04
"JOBSI0C","87","2023",16315.32
"JOBSI0C","89","2023",8308.668
"JOBSI0C","91","2023",3153.16
"JOBSI0C","93","2023",5738.174
"JOBSI0C","95","2023",2539.681
"JOBSI0C","97","2023",24623.11
"JOBSI0C","99","2023",6599.086
"JOBSI0C","101","2023",83350.03
"JOBSI0C","103","2023",4796.341
"JOBSI0C","105","2023",6503.328
"JOBSI0C","107","2023",24020.62
"JOBSI0C","109","2023",3407.04
"JOBSI0C","111","2023",447.9305
"JOBSI0C","113","2023",7955.033
"JOBSI0C","115","2023",1347.251
"JOBSI0C","117","2023",28911.7
"JOBSI0C","119","2023",12655.76
"JOBSI0C","121","2023",2228.603
"JOBSI0C","123","2023",154455.9
"JOBSI0C","125","2023",6649.411
"JOBSI0C","500","2023",2241535
"JOBSI0C","3","2024",11431.31
"JOBSI0C","7","2024",8128.586
"JOBSI0C","9","2024",1985.263
"JOBSI0C","11","2024",1897.158
"JOBSI0C","15","2024",12595.19
"JOBSI0C","17","2024",1595.135
"JOBSI0C","19","2024",4958.939
"JOBSI0C","21","2024",2936.822
"JOBSI0C","23","2024",1473.303
"JOBSI0C","25","2024",1760.026
"JOBSI0C","27","2024",2169.841
"JOBSI0C","29","2024",15553.13
"JOBSI0C","33","2024",962.7341
"JOBSI0C","37","2024",49326.48
"JOBSI0C","39","2024",10915.67
"JOBSI0C","41","2024",423114.1
"JOBSI0C","43","2024",20980.87
"JOBSI0C","45","2024",45450.28
"JOBSI0C","47","2024",6899.519
"JOBSI0C","49","2024",11488.94
"JOBSI0C","51","2024",12295.64
"JOBSI0C","53","2024",517.6268
"JOBSI0C","55","2024",3166.51
"JOBSI0C","57","2024",942.2875
"JOBSI0C","61","2024",1133.824
"JOBSI0C","63","2024",5157.012
"JOBSI0C","65","2024",3763.613
"JOBSI0C","67","2024",42839.65
"JOBSI0C","69","2024",226463.5
"JOBSI0C","71","2024",8383.66
"JOBSI0C","73","2024",3487.998
"JOBSI0C","75","2024",11974.39
"JOBSI0C","77","2024",96775.5
"JOBSI0C","79","2024",751.916
"JOBSI0C","81","2024",7441.599
"JOBSI0C","83","2024",16069.86
"JOBSI0C","85","2024",24490.95
"JOBSI0C","87","2024",16458.63
"JOBSI0C","89","2024",8355.001
"JOBSI0C","91","2024",3176.989
"JOBSI0C","93","2024",5883.04
"JOBSI0C","95","2024",2561.461
"JOBSI0C","97","2024",24941.72
"JOBSI0C","99","2024",6668.14
"JOBSI0C","101","2024",84722.42
"JOBSI0C","103","2024",4871.795
"JOBSI0C","105","2024",6579.962
"JOBSI0C","107","2024",24358.08
"JOBSI0C","109","2024",3449.48
"JOBSI0C","111","2024",453.3029
"JOBSI0C","113","2024",8039.219
"JOBSI0C","115","2024",1359.266
"JOBSI0C","117","2024",29341
"JOBSI0C","119","2024",12876.65
"JOBSI0C","121","2024",2230.15
"JOBSI0C","123","2024",157726
"JOBSI0C","125","2024",6704.219
"JOBSI0C","500","2024",2274198
"JOBSI0C","3","2025",11578.23
"JOBSI0C","7","2025",8309.067
"JOBSI0C","9","2025",1991.225
"JOBSI0C","11","2025",1907.924
"JOBSI0C","15","2025",12779.12
"JOBSI0C","17","2025",1623.968
"JOBSI0C","19","2025",4998.517
"JOBSI0C","21","2025",2957.737
"JOBSI0C","23","2025",1478.224
"JOBSI0C","25","2025",1782.172
"JOBSI0C","27","2025",2202.645
"JOBSI0C","29","2025",15814.38
"JOBSI0C","33","2025",972.625
"JOBSI0C","37","2025",50215.48
"JOBSI0C","39","2025",11244.59
"JOBSI0C","41","2025",430474.3
"JOBSI0C","43","2025",21259.83
"JOBSI0C","45","2025",46543.43
"JOBSI0C","47","2025",6905.404
"JOBSI0C","49","2025",11656.64
"JOBSI0C","51","2025",12412.78
"JOBSI0C","53","2025",520.4263
"JOBSI0C","55","2025",3188.372
"JOBSI0C","57","2025",960.9082
"JOBSI0C","61","2025",1138.225
"JOBSI0C","63","2025",5228.373
"JOBSI0C","65","2025",3802.216
"JOBSI0C","67","2025",43581.66
"JOBSI0C","69","2025",230158.3
"JOBSI0C","71","2025",8498.119
"JOBSI0C","73","2025",3539.581
"JOBSI0C","75","2025",12069.17
"JOBSI0C","77","2025",98748.29
"JOBSI0C","79","2025",757.3022
"JOBSI0C","81","2025",7522.774
"JOBSI0C","83","2025",16341.31
"JOBSI0C","85","2025",24983.02
"JOBSI0C","87","2025",16599.6
"JOBSI0C","89","2025",8395.845
"JOBSI0C","91","2025",3192.098
"JOBSI0C","93","2025",6006.869
"JOBSI0C","95","2025",2583.266
"JOBSI0C","97","2025",25234.14
"JOBSI0C","99","2025",6732.38
"JOBSI0C","101","2025",85961.78
"JOBSI0C","103","2025",4938.593
"JOBSI0C","105","2025",6647.346
"JOBSI0C","107","2025",24681.08
"JOBSI0C","109","2025",3485.525
"JOBSI0C","111","2025",457.3728
"JOBSI0C","113","2025",8111.913
"JOBSI0C","115","2025",1370.216
"JOBSI0C","117","2025",29741.33
"JOBSI0C","119","2025",13068.97
"JOBSI0C","121","2025",2231.748
"JOBSI0C","123","2025",160758
"JOBSI0C","125","2025",6760.674
"JOBSI0C","500","2025",2302714
"JOBSI0C","3","2026",11716.95
"JOBSI0C","7","2026",8487.076
"JOBSI0C","9","2026",1996.195
"JOBSI0C","11","2026",1916.032
"JOBSI0C","15","2026",12962.01
"JOBSI0C","17","2026",1653.487
"JOBSI0C","19","2026",5032.739
"JOBSI0C","21","2026",2976.758
"JOBSI0C","23","2026",1481.1
"JOBSI0C","25","2026",1802.073
"JOBSI0C","27","2026",2232.733
"JOBSI0C","29","2026",16086.82
"JOBSI0C","33","2026",981.4081
"JOBSI0C","37","2026",51109.14
"JOBSI0C","39","2026",11573.54
"JOBSI0C","41","2026",437795.9
"JOBSI0C","43","2026",21521
"JOBSI0C","45","2026",47680.56
"JOBSI0C","47","2026",6910.388
"JOBSI0C","49","2026",11822.67
"JOBSI0C","51","2026",12532.45
"JOBSI0C","53","2026",523.9115
"JOBSI0C","55","2026",3210.928
"JOBSI0C","57","2026",979.6111
"JOBSI0C","61","2026",1142.17
"JOBSI0C","63","2026",5294.009
"JOBSI0C","65","2026",3839.435
"JOBSI0C","67","2026",44319.03
"JOBSI0C","69","2026",233787.5
"JOBSI0C","71","2026",8614.695
"JOBSI0C","73","2026",3587.34
"JOBSI0C","75","2026",12165.71
"JOBSI0C","77","2026",100757.3
"JOBSI0C","79","2026",762.6151
"JOBSI0C","81","2026",7608.441
"JOBSI0C","83","2026",16608.2
"JOBSI0C","85","2026",25472.48
"JOBSI0C","87","2026",16752.26
"JOBSI0C","89","2026",8429.74
"JOBSI0C","91","2026",3207.142
"JOBSI0C","93","2026",6116.441
"JOBSI0C","95","2026",2604.636
"JOBSI0C","97","2026",25529.57
"JOBSI0C","99","2026",6799.213
"JOBSI0C","101","2026",87209.79
"JOBSI0C","103","2026",5019.419
"JOBSI0C","105","2026",6713.822
"JOBSI0C","107","2026",25000.44
"JOBSI0C","109","2026",3518.251
"JOBSI0C","111","2026",460.9431
"JOBSI0C","113","2026",8182.231
"JOBSI0C","115","2026",1381.105
"JOBSI0C","117","2026",30144.47
"JOBSI0C","119","2026",13258.96
"JOBSI0C","121","2026",2234.049
"JOBSI0C","123","2026",163858.6
"JOBSI0C","125","2026",6822.34
"JOBSI0C","500","2026",2329992
"JOBSI0C","3","2027",11855.28
"JOBSI0C","7","2027",8664.26
"JOBSI0C","9","2027",2001.742
"JOBSI0C","11","2027",1925.887
"JOBSI0C","15","2027",13132.63
"JOBSI0C","17","2027",1680.497
"JOBSI0C","19","2027",5063.338
"JOBSI0C","21","2027",2997.979
"JOBSI0C","23","2027",1483.79
"JOBSI0C","25","2027",1822.44
"JOBSI0C","27","2027",2256.254
"JOBSI0C","29","2027",16339.18
"JOBSI0C","33","2027",989.147
"JOBSI0C","37","2027",52007.62
"JOBSI0C","39","2027",11871.65
"JOBSI0C","41","2027",445000.5
"JOBSI0C","43","2027",21756.1
"JOBSI0C","45","2027",48816.35
"JOBSI0C","47","2027",6917.127
"JOBSI0C","49","2027",11988.45
"JOBSI0C","51","2027",12646.59
"JOBSI0C","53","2027",526.8676
"JOBSI0C","55","2027",3229.342
"JOBSI0C","57","2027",998.719
"JOBSI0C","61","2027",1146.862
"JOBSI0C","63","2027",5350.898
"JOBSI0C","65","2027",3875.021
"JOBSI0C","67","2027",45030.22
"JOBSI0C","69","2027",237369.3
"JOBSI0C","71","2027",8720.88
"JOBSI0C","73","2027",3627.744
"JOBSI0C","75","2027",12259.9
"JOBSI0C","77","2027",102757.6
"JOBSI0C","79","2027",768.6944
"JOBSI0C","81","2027",7697.263
"JOBSI0C","83","2027",16867.35
"JOBSI0C","85","2027",25932.11
"JOBSI0C","87","2027",16904.36
"JOBSI0C","89","2027",8463.449
"JOBSI0C","91","2027",3216.882
"JOBSI0C","93","2027",6212.226
"JOBSI0C","95","2027",2625.33
"JOBSI0C","97","2027",25828.27
"JOBSI0C","99","2027",6866.745
"JOBSI0C","101","2027",88446.54
"JOBSI0C","103","2027",5102.51
"JOBSI0C","105","2027",6781.822
"JOBSI0C","107","2027",25307.3
"JOBSI0C","109","2027",3552.148
"JOBSI0C","111","2027",464.5463
"JOBSI0C","113","2027",8245.836
"JOBSI0C","115","2027",1391.419
"JOBSI0C","117","2027",30544.49
"JOBSI0C","119","2027",13447.01
"JOBSI0C","121","2027",2235.2
"JOBSI0C","123","2027",166958.4
"JOBSI0C","125","2027",6882.677
"JOBSI0C","500","2027",2355782
"JOBSI0C","3","2028",11991.43
"JOBSI0C","7","2028",8836.202
"JOBSI0C","9","2028",2007.687
"JOBSI0C","11","2028",1937.243
"JOBSI0C","15","2028",13284.45
"JOBSI0C","17","2028",1706.146
"JOBSI0C","19","2028",5092.948
"JOBSI0C","21","2028",3016.518
"JOBSI0C","23","2028",1484.958
"JOBSI0C","25","2028",1843.134
"JOBSI0C","27","2028",2272.511
"JOBSI0C","29","2028",16584.71
"JOBSI0C","33","2028",996.1371
"JOBSI0C","37","2028",52943.97
"JOBSI0C","39","2028",12155.92
"JOBSI0C","41","2028",452076.3
"JOBSI0C","43","2028",21960.32
"JOBSI0C","45","2028",49942.71
"JOBSI0C","47","2028",6926.767
"JOBSI0C","49","2028",12160.54
"JOBSI0C","51","2028",12763.73
"JOBSI0C","53","2028",530.6368
"JOBSI0C","55","2028",3242.433
"JOBSI0C","57","2028",1018.498
"JOBSI0C","61","2028",1150.877
"JOBSI0C","63","2028",5401.663
"JOBSI0C","65","2028",3914.167
"JOBSI0C","67","2028",45706.45
"JOBSI0C","69","2028",240866.6
"JOBSI0C","71","2028",8824.961
"JOBSI0C","73","2028",3663.901
"JOBSI0C","75","2028",12358.14
"JOBSI0C","77","2028",104721.8
"JOBSI0C","79","2028",774.0412
"JOBSI0C","81","2028",7790.616
"JOBSI0C","83","2028",17114.33
"JOBSI0C","85","2028",26370.34
"JOBSI0C","87","2028",17058.61
"JOBSI0C","89","2028",8498.329
"JOBSI0C","91","2028",3225.335
"JOBSI0C","93","2028",6296.344
"JOBSI0C","95","2028",2645.11
"JOBSI0C","97","2028",26145.9
"JOBSI0C","99","2028",6929.743
"JOBSI0C","101","2028",89681.9
"JOBSI0C","103","2028",5187.622
"JOBSI0C","105","2028",6842.059
"JOBSI0C","107","2028",25599.43
"JOBSI0C","109","2028",3582.622
"JOBSI0C","111","2028",468.5525
"JOBSI0C","113","2028",8304.815
"JOBSI0C","115","2028",1401.986
"JOBSI0C","117","2028",30960.52
"JOBSI0C","119","2028",13637.94
"JOBSI0C","121","2028",2236.917
"JOBSI0C","123","2028",170049.8
"JOBSI0C","125","2028",6942.228
"JOBSI0C","500","2028",2380300
"JOBSI0C","3","2029",12123.64
"JOBSI0C","7","2029",9000.242
"JOBSI0C","9","2029",2012.549
"JOBSI0C","11","2029",1945.676
"JOBSI0C","15","2029",13402.53
"JOBSI0C","17","2029",1727.904
"JOBSI0C","19","2029",5118.136
"JOBSI0C","21","2029",3033.281
"JOBSI0C","23","2029",1485.011
"JOBSI0C","25","2029",1862.564
"JOBSI0C","27","2029",2281.651
"JOBSI0C","29","2029",16800.75
"JOBSI0C","33","2029",1002.531
"JOBSI0C","37","2029",53879.35
"JOBSI0C","39","2029",12424.01
"JOBSI0C","41","2029",458890.4
"JOBSI0C","43","2029",22128.25
"JOBSI0C","45","2029",51021.76
"JOBSI0C","47","2029",6931.448
"JOBSI0C","49","2029",12331.42
"JOBSI0C","51","2029",12871.92
"JOBSI0C","53","2029",534.4288
"JOBSI0C","55","2029",3248.313
"JOBSI0C","57","2029",1037.618
"JOBSI0C","61","2029",1153.565
"JOBSI0C","63","2029",5446.958
"JOBSI0C","65","2029",3949.294
"JOBSI0C","67","2029",46340.44
"JOBSI0C","69","2029",244212.7
"JOBSI0C","71","2029",8912.054
"JOBSI0C","73","2029",3695.645
"JOBSI0C","75","2029",12447.1
"JOBSI0C","77","2029",106611.3
"JOBSI0C","79","2029",779.0032
"JOBSI0C","81","2029",7880.975
"JOBSI0C","83","2029",17344.11
"JOBSI0C","85","2029",26781.7
"JOBSI0C","87","2029",17199.08
"JOBSI0C","89","2029",8527.18
"JOBSI0C","91","2029",3228.927
"JOBSI0C","93","2029",6367.723
"JOBSI0C","95","2029",2663.758
"JOBSI0C","97","2029",26466.49
"JOBSI0C","99","2029",6978.297
"JOBSI0C","101","2029",90842.55
"JOBSI0C","103","2029",5264.979
"JOBSI0C","105","2029",6896.486
"JOBSI0C","107","2029",25887.26
"JOBSI0C","109","2029",3612.459
"JOBSI0C","111","2029",472.1633
"JOBSI0C","113","2029",8358.19
"JOBSI0C","115","2029",1411.304
"JOBSI0C","117","2029",31375.07
"JOBSI0C","119","2029",13810.92
"JOBSI0C","121","2029",2238.22
"JOBSI0C","123","2029",173053.6
"JOBSI0C","125","2029",6994.667
"JOBSI0C","500","2029",2402436
"JOBSI0C","3","2030",12257.04
"JOBSI0C","7","2030",9160.156
"JOBSI0C","9","2030",2017.592
"JOBSI0C","11","2030",1952.777
"JOBSI0C","15","2030",13498.14
"JOBSI0C","17","2030",1748.482
"JOBSI0C","19","2030",5142.926
"JOBSI0C","21","2030",3049.451
"JOBSI0C","23","2030",1485.385
"JOBSI0C","25","2030",1881.698
"JOBSI0C","27","2030",2286.095
"JOBSI0C","29","2030",17027.98
"JOBSI0C","33","2030",1009.787
"JOBSI0C","37","2030",54871.07
"JOBSI0C","39","2030",12668.42
"JOBSI0C","41","2030",465447.4
"JOBSI0C","43","2030",22270.93
"JOBSI0C","45","2030",52152.51
"JOBSI0C","47","2030",6945.754
"JOBSI0C","49","2030",12509.08
"JOBSI0C","51","2030",13015.71
"JOBSI0C","53","2030",537.9473
"JOBSI0C","55","2030",3248.405
"JOBSI0C","57","2030",1056.842
"JOBSI0C","61","2030",1154.204
"JOBSI0C","63","2030",5488.243
"JOBSI0C","65","2030",3994.445
"JOBSI0C","67","2030",46994.48
"JOBSI0C","69","2030",247477.7
"JOBSI0C","71","2030",8993.792
"JOBSI0C","73","2030",3723.391
"JOBSI0C","75","2030",12538.73
"JOBSI0C","77","2030",108524.6
"JOBSI0C","79","2030",783.9087
"JOBSI0C","81","2030",7983.564
"JOBSI0C","83","2030",17575.01
"JOBSI0C","85","2030",27186.18
"JOBSI0C","87","2030",17352.36
"JOBSI0C","89","2030",8560.353
"JOBSI0C","91","2030",3234.118
"JOBSI0C","93","2030",6429.582
"JOBSI0C","95","2030",2683.662
"JOBSI0C","97","2030",26820.51
"JOBSI0C","99","2030",7021.38
"JOBSI0C","101","2030",91979.75
"JOBSI0C","103","2030",5362.197
"JOBSI0C","105","2030",6955.055
"JOBSI0C","107","2030",26202.78
"JOBSI0C","109","2030",3644.771
"JOBSI0C","111","2030",476.7949
"JOBSI0C","113","2030",8419.402
"JOBSI0C","115","2030",1419.775
"JOBSI0C","117","2030",31824.09
"JOBSI0C","119","2030",13996.9
"JOBSI0C","121","2030",2240.096
"JOBSI0C","123","2030",176104
"JOBSI0C","125","2030",7053.425
"JOBSI0C","500","2030",2423855
"JOBSI0C","3","2031",12323.12
"JOBSI0C","7","2031",9330.521
"JOBSI0C","9","2031",2029.36
"JOBSI0C","11","2031",1969.821
"JOBSI0C","15","2031",13574.1
"JOBSI0C","17","2031",1773.717
"JOBSI0C","19","2031",5162.475
"JOBSI0C","21","2031",3079.066
"JOBSI0C","23","2031",1493.912
"JOBSI0C","25","2031",1890.339
"JOBSI0C","27","2031",2297.92
"JOBSI0C","29","2031",17281.23
"JOBSI0C","33","2031",1022.642
"JOBSI0C","37","2031",55929.86
"JOBSI0C","39","2031",12954.26
"JOBSI0C","41","2031",471375.7
"JOBSI0C","43","2031",22238.12
"JOBSI0C","45","2031",53244.43
"JOBSI0C","47","2031",6969.862
"JOBSI0C","49","2031",12697.77
"JOBSI0C","51","2031",13135.15
"JOBSI0C","53","2031",543.2918
"JOBSI0C","55","2031",3257.668
"JOBSI0C","57","2031",1081.836
"JOBSI0C","61","2031",1167.968
"JOBSI0C","63","2031",5566.956
"JOBSI0C","65","2031",4038.761
"JOBSI0C","67","2031",47646.41
"JOBSI0C","69","2031",250584.2
"JOBSI0C","71","2031",9051.823
"JOBSI0C","73","2031",3729.367
"JOBSI0C","75","2031",12609.56
"JOBSI0C","77","2031",110396.1
"JOBSI0C","79","2031",786.4623
"JOBSI0C","81","2031",8091.35
"JOBSI0C","83","2031",17843.55
"JOBSI0C","85","2031",27640.71
"JOBSI0C","87","2031",17686.75
"JOBSI0C","89","2031",8591.766
"JOBSI0C","91","2031",3249.194
"JOBSI0C","93","2031",6496.764
"JOBSI0C","95","2031",2723.073
"JOBSI0C","97","2031",27202.21
"JOBSI0C","99","2031",7070.156
"JOBSI0C","101","2031",93008.57
"JOBSI0C","103","2031",5442.149
"JOBSI0C","105","2031",7061.577
"JOBSI0C","107","2031",26570.09
"JOBSI0C","109","2031",3712.474
"JOBSI0C","111","2031",481.8164
"JOBSI0C","113","2031",8494.527
"JOBSI0C","115","2031",1437.35
"JOBSI0C","117","2031",32301.61
"JOBSI0C","119","2031",14178.02
"JOBSI0C","121","2031",2270.652
"JOBSI0C","123","2031",179881
"JOBSI0C","125","2031",7174.371
"JOBSI0C","500","2031",2444978
"JOBSI0C","3","2032",12448.23
"JOBSI0C","7","2032",9498.895
"JOBSI0C","9","2032",2042.373
"JOBSI0C","11","2032",1984.224
"JOBSI0C","15","2032",13667.31
"JOBSI0C","17","2032",1789.959
"JOBSI0C","19","2032",5190.252
"JOBSI0C","21","2032",3098.961
"JOBSI0C","23","2032",1497.151
"JOBSI0C","25","2032",1911.158
"JOBSI0C","27","2032",2308.495
"JOBSI0C","29","2032",17504.21
"JOBSI0C","33","2032",1034.247
"JOBSI0C","37","2032",57065.08
"JOBSI0C","39","2032",13204.07
"JOBSI0C","41","2032",477587.6
"JOBSI0C","43","2032",22354.01
"JOBSI0C","45","2032",54419.23
"JOBSI0C","47","2032",7000.246
"JOBSI0C","49","2032",12898.4
"JOBSI0C","51","2032",13313.84
"JOBSI0C","53","2032",548.1227
"JOBSI0C","55","2032",3259.304
"JOBSI0C","57","2032",1105.911
"JOBSI0C","61","2032",1173.668
"JOBSI0C","63","2032",5613.077
"JOBSI0C","65","2032",4089.342
"JOBSI0C","67","2032",48354.54
"JOBSI0C","69","2032",254091.5
"JOBSI0C","71","2032",9124.386
"JOBSI0C","73","2032",3745.429
"JOBSI0C","75","2032",12698.88
"JOBSI0C","77","2032",112252.4
"JOBSI0C","79","2032",788.9338
"JOBSI0C","81","2032",8205.09
"JOBSI0C","83","2032",18099.23
"JOBSI0C","85","2032",28055.78
"JOBSI0C","87","2032",17945.42
"JOBSI0C","89","2032",8627.619
"JOBSI0C","91","2032",3263.776
"JOBSI0C","93","2032",6562.439
"JOBSI0C","95","2032",2753.572
"JOBSI0C","97","2032",27626.01
"JOBSI0C","99","2032",7118.36
"JOBSI0C","101","2032",94195.06
"JOBSI0C","103","2032",5539.673
"JOBSI0C","105","2032",7142.186
"JOBSI0C","107","2032",26936.36
"JOBSI0C","109","2032",3757.567
"JOBSI0C","111","2032",486.6648
"JOBSI0C","113","2032",8574.406
"JOBSI0C","115","2032",1450.136
"JOBSI0C","117","2032",32818.61
"JOBSI0C","119","2032",14374.15
"JOBSI0C","121","2032",2288.814
"JOBSI0C","123","2032",183356.2
"JOBSI0C","125","2032",7264.405
"JOBSI0C","500","2032",2467639
"JOBSI0C","3","2033",12572.34
"JOBSI0C","7","2033",9672.06
"JOBSI0C","9","2033",2054.469
"JOBSI0C","11","2033",1997.713
"JOBSI0C","15","2033",13766.03
"JOBSI0C","17","2033",1801.48
"JOBSI0C","19","2033",5220.032
"JOBSI0C","21","2033",3118.251
"JOBSI0C","23","2033",1501.553
"JOBSI0C","25","2033",1931.022
"JOBSI0C","27","2033",2320.961
"JOBSI0C","29","2033",17708.98
"JOBSI0C","33","2033",1046.288
"JOBSI0C","37","2033",58236.78
"JOBSI0C","39","2033",13438.83
"JOBSI0C","41","2033",483589.8
"JOBSI0C","43","2033",22468.44
"JOBSI0C","45","2033",55597.36
"JOBSI0C","47","2033",7033.889
"JOBSI0C","49","2033",13106.48
"JOBSI0C","51","2033",13497.52
"JOBSI0C","53","2033",552.693
"JOBSI0C","55","2033",3260.448
"JOBSI0C","57","2033",1130.6
"JOBSI0C","61","2033",1178.906
"JOBSI0C","63","2033",5654.701
"JOBSI0C","65","2033",4142.558
"JOBSI0C","67","2033",49081.92
"JOBSI0C","69","2033",257653.1
"JOBSI0C","71","2033",9189.982
"JOBSI0C","73","2033",3758.503
"JOBSI0C","75","2033",12785.97
"JOBSI0C","77","2033",114031.6
"JOBSI0C","79","2033",790.6109
"JOBSI0C","81","2033",8318.821
"JOBSI0C","83","2033",18361.71
"JOBSI0C","85","2033",28457.99
"JOBSI0C","87","2033",18211.74
"JOBSI0C","89","2033",8656.764
"JOBSI0C","91","2033",3279.925
"JOBSI0C","93","2033",6623.992
"JOBSI0C","95","2033",2785.418
"JOBSI0C","97","2033",28071.01
"JOBSI0C","99","2033",7162.903
"JOBSI0C","101","2033",95364.56
"JOBSI0C","103","2033",5625.819
"JOBSI0C","105","2033",7221.505
"JOBSI0C","107","2033",27330.52
"JOBSI0C","109","2033",3799.333
"JOBSI0C","111","2033",491.364
"JOBSI0C","113","2033",8659.355
"JOBSI0C","115","2033",1463.828
"JOBSI0C","117","2033",33352.73
"JOBSI0C","119","2033",14569.98
"JOBSI0C","121","2033",2309.859
"JOBSI0C","123","2033",186802.7
"JOBSI0C","125","2033",7358.509
"JOBSI0C","500","2033",2490472
"JOBSI0C","3","2034",12708.31
"JOBSI0C","7","2034",9839.298
"JOBSI0C","9","2034",2061.121
"JOBSI0C","11","2034",2005.638
"JOBSI0C","15","2034",13849.01
"JOBSI0C","17","2034",1807.573
"JOBSI0C","19","2034",5251.629
"JOBSI0C","21","2034",3131.97
"JOBSI0C","23","2034",1502.706
"JOBSI0C","25","2034",1951.173
"JOBSI0C","27","2034",2328.64
"JOBSI0C","29","2034",17882.72
"JOBSI0C","33","2034",1055.703
"JOBSI0C","37","2034",59400.28
"JOBSI0C","39","2034",13652.11
"JOBSI0C","41","2034",489272.6
"JOBSI0C","43","2034",22571.32
"JOBSI0C","45","2034",56777.24
"JOBSI0C","47","2034",7064.469
"JOBSI0C","49","2034",13310.91
"JOBSI0C","51","2034",13685.27
"JOBSI0C","53","2034",556.0031
"JOBSI0C","55","2034",3255.73
"JOBSI0C","57","2034",1152.139
"JOBSI0C","61","2034",1177.504
"JOBSI0C","63","2034",5675.778
"JOBSI0C","65","2034",4194.912
"JOBSI0C","67","2034",49793.9
"JOBSI0C","69","2034",261080.7
"JOBSI0C","71","2034",9245.33
"JOBSI0C","73","2034",3773.508
"JOBSI0C","75","2034",12870.27
"JOBSI0C","77","2034",115728.6
"JOBSI0C","79","2034",793.1756
"JOBSI0C","81","2034",8424.894
"JOBSI0C","83","2034",18609.45
"JOBSI0C","85","2034",28830.21
"JOBSI0C","87","2034",18399.45
"JOBSI0C","89","2034",8687.911
"JOBSI0C","91","2034",3293.865
"JOBSI0C","93","2034",6675.469
"JOBSI0C","95","2034",2811.365
"JOBSI0C","97","2034",28512.89
"JOBSI0C","99","2034",7206.484
"JOBSI0C","101","2034",96499.46
"JOBSI0C","103","2034",5706.255
"JOBSI0C","105","2034",7279.07
"JOBSI0C","107","2034",27735.7
"JOBSI0C","109","2034",3826.361
"JOBSI0C","111","2034",495.681
"JOBSI0C","113","2034",8744.754
"JOBSI0C","115","2034",1474.32
"JOBSI0C","117","2034",33880.56
"JOBSI0C","119","2034",14763.39
"JOBSI0C","121","2034",2321.631
"JOBSI0C","123","2034",189800.5
"JOBSI0C","125","2034",7434.655
"JOBSI0C","500","2034",2511797
"JOBSI0C","3","2035",12832.27
"JOBSI0C","7","2035",10001.82
"JOBSI0C","9","2035",2067.908
"JOBSI0C","11","2035",2014.276
"JOBSI0C","15","2035",13928.98
"JOBSI0C","17","2035",1810.89
"JOBSI0C","19","2035",5283.4
"JOBSI0C","21","2035",3143.321
"JOBSI0C","23","2035",1501.934
"JOBSI0C","25","2035",1972.79
"JOBSI0C","27","2035",2335.97
"JOBSI0C","29","2035",18047.6
"JOBSI0C","33","2035",1064.888
"JOBSI0C","37","2035",60578.2
"JOBSI0C","39","2035",13848.19
"JOBSI0C","41","2035",494618.9
"JOBSI0C","43","2035",22668.51
"JOBSI0C","45","2035",57944.11
"JOBSI0C","47","2035",7091.754
"JOBSI0C","49","2035",13518.9
"JOBSI0C","51","2035",13876.98
"JOBSI0C","53","2035",559.0884
"JOBSI0C","55","2035",3247.807
"JOBSI0C","57","2035",1173.993
"JOBSI0C","61","2035",1175.877
"JOBSI0C","63","2035",5691.066
"JOBSI0C","65","2035",4248.034
"JOBSI0C","67","2035",50501.15
"JOBSI0C","69","2035",264436.7
"JOBSI0C","71","2035",9300.287
"JOBSI0C","73","2035",3786.313
"JOBSI0C","75","2035",12949.94
"JOBSI0C","77","2035",117361.6
"JOBSI0C","79","2035",795.5818
"JOBSI0C","81","2035",8528.405
"JOBSI0C","83","2035",18853.84
"JOBSI0C","85","2035",29199.95
"JOBSI0C","87","2035",18586.24
"JOBSI0C","89","2035",8723.644
"JOBSI0C","91","2035",3308.154
"JOBSI0C","93","2035",6715.406
"JOBSI0C","95","2035",2836.166
"JOBSI0C","97","2035",28956.08
"JOBSI0C","99","2035",7256.662
"JOBSI0C","101","2035",97598.76
"JOBSI0C","103","2035",5784.626
"JOBSI0C","105","2035",7332.63
"JOBSI0C","107","2035",28153.13
"JOBSI0C","109","2035",3850.021
"JOBSI0C","111","2035",500.44
"JOBSI0C","113","2035",8830.861
"JOBSI0C","115","2035",1484.595
"JOBSI0C","117","2035",34423.42
"JOBSI0C","119","2035",14944.49
"JOBSI0C","121","2035",2332.473
"JOBSI0C","123","2035",192754.8
"JOBSI0C","125","2035",7510.431
"JOBSI0C","500","2035",2532609
"JOBSI0C","3","2036",12965.26
"JOBSI0C","7","2036",10168.02
"JOBSI0C","9","2036",2082.614
"JOBSI0C","11","2036",2033.575
"JOBSI0C","15","2036",14020.76
"JOBSI0C","17","2036",1814.306
"JOBSI0C","19","2036",5318.882
"JOBSI0C","21","2036",3163.862
"JOBSI0C","23","2036",1505.699
"JOBSI0C","25","2036",2002.603
"JOBSI0C","27","2036",2348.343
"JOBSI0C","29","2036",18190.99
"JOBSI0C","33","2036",1077.133
"JOBSI0C","37","2036",61801.07
"JOBSI0C","39","2036",14061.63
"JOBSI0C","41","2036",500421.9
"JOBSI0C","43","2036",22798.81
"JOBSI0C","45","2036",59032.56
"JOBSI0C","47","2036",7124.764
"JOBSI0C","49","2036",13740
"JOBSI0C","51","2036",14053.11
"JOBSI0C","53","2036",563.4698
"JOBSI0C","55","2036",3245.23
"JOBSI0C","57","2036",1200.539
"JOBSI0C","61","2036",1182.593
"JOBSI0C","63","2036",5725.574
"JOBSI0C","65","2036",4290.596
"JOBSI0C","67","2036",51209.24
"JOBSI0C","69","2036",268211.4
"JOBSI0C","71","2036",9352.206
"JOBSI0C","73","2036",3805.271
"JOBSI0C","75","2036",13057.08
"JOBSI0C","77","2036",118921.9
"JOBSI0C","79","2036",798.0174
"JOBSI0C","81","2036",8630.739
"JOBSI0C","83","2036",19110.33
"JOBSI0C","85","2036",29604.31
"JOBSI0C","87","2036",18856.5
"JOBSI0C","89","2036",8780.177
"JOBSI0C","91","2036",3328.197
"JOBSI0C","93","2036",6764.546
"JOBSI0C","95","2036",2873.435
"JOBSI0C","97","2036",29416.73
"JOBSI0C","99","2036",7323.116
"JOBSI0C","101","2036",98830.79
"JOBSI0C","103","2036",5833.448
"JOBSI0C","105","2036",7418.176
"JOBSI0C","107","2036",28593.33
"JOBSI0C","109","2036",3891.729
"JOBSI0C","111","2036",505.7438
"JOBSI0C","113","2036",8925.756
"JOBSI0C","115","2036",1502.48
"JOBSI0C","117","2036",34989.14
"JOBSI0C","119","2036",15112.3
"JOBSI0C","121","2036",2357.259
"JOBSI0C","123","2036",195962
"JOBSI0C","125","2036",7609.306
"JOBSI0C","500","2036",2555016
"JOBSI0C","3","2037",13108.27
"JOBSI0C","7","2037",10339.41
"JOBSI0C","9","2037",2097.493
"JOBSI0C","11","2037",2052.365
"JOBSI0C","15","2037",14119.77
"JOBSI0C","17","2037",1813.356
"JOBSI0C","19","2037",5355.907
"JOBSI0C","21","2037",3185.99
"JOBSI0C","23","2037",1510.785
"JOBSI0C","25","2037",2032.124
"JOBSI0C","27","2037",2362.405
"JOBSI0C","29","2037",18338.39
"JOBSI0C","33","2037",1089.6
"JOBSI0C","37","2037",63061.35
"JOBSI0C","39","2037",14268.12
"JOBSI0C","41","2037",506593.9
"JOBSI0C","43","2037",22944.86
"JOBSI0C","45","2037",60147.48
"JOBSI0C","47","2037",7165.559
"JOBSI0C","49","2037",13967.19
"JOBSI0C","51","2037",14247.89
"JOBSI0C","53","2037",568.4821
"JOBSI0C","55","2037",3245.386
"JOBSI0C","57","2037",1228.291
"JOBSI0C","61","2037",1188.922
"JOBSI0C","63","2037",5757.362
"JOBSI0C","65","2037",4339.222
"JOBSI0C","67","2037",51957.76
"JOBSI0C","69","2037",272318.7
"JOBSI0C","71","2037",9406.978
"JOBSI0C","73","2037",3819.524
"JOBSI0C","75","2037",13164.98
"JOBSI0C","77","2037",120560.6
"JOBSI0C","79","2037",801.3774
"JOBSI0C","81","2037",8744.65
"JOBSI0C","83","2037",19378.38
"JOBSI0C","85","2037",30038
"JOBSI0C","87","2037",19129.35
"JOBSI0C","89","2037",8839.61
"JOBSI0C","91","2037",3353.881
"JOBSI0C","93","2037",6817.177
"JOBSI0C","95","2037",2909.257
"JOBSI0C","97","2037",29900.35
"JOBSI0C","99","2037",7392.957
"JOBSI0C","101","2037",100148
"JOBSI0C","103","2037",5878.567
"JOBSI0C","105","2037",7510.002
"JOBSI0C","107","2037",29066.13
"JOBSI0C","109","2037",3936.58
"JOBSI0C","111","2037",512.3764
"JOBSI0C","113","2037",9028.411
"JOBSI0C","115","2037",1519.825
"JOBSI0C","117","2037",35581.17
"JOBSI0C","119","2037",15289.18
"JOBSI0C","121","2037",2380.323
"JOBSI0C","123","2037",199329.4
"JOBSI0C","125","2037",7704.22
"JOBSI0C","500","2037",2580078
"JOBSI0C","3","2038",13247.23
"JOBSI0C","7","2038",10515.56
"JOBSI0C","9","2038",2110.58
"JOBSI0C","11","2038",2066.126
"JOBSI0C","15","2038",14213.33
"JOBSI0C","17","2038",1808.419
"JOBSI0C","19","2038",5390.879
"JOBSI0C","21","2038",3205.325
"JOBSI0C","23","2038",1514.512
"JOBSI0C","25","2038",2056.975
"JOBSI0C","27","2038",2376.071
"JOBSI0C","29","2038",18456.13
"JOBSI0C","33","2038",1101.438
"JOBSI0C","37","2038",64289.2
"JOBSI0C","39","2038",14460.36
"JOBSI0C","41","2038",512277.1
"JOBSI0C","43","2038",23068.46
"JOBSI0C","45","2038",61218.46
"JOBSI0C","47","2038",7208.845
"JOBSI0C","49","2038",14186.54
"JOBSI0C","51","2038",14426.33
"JOBSI0C","53","2038",573.4775
"JOBSI0C","55","2038",3244.935
"JOBSI0C","57","2038",1254.245
"JOBSI0C","61","2038",1193.619
"JOBSI0C","63","2038",5779.615
"JOBSI0C","65","2038",4387.649
"JOBSI0C","67","2038",52717.45
"JOBSI0C","69","2038",276075.7
"JOBSI0C","71","2038",9458.638
"JOBSI0C","73","2038",3829.633
"JOBSI0C","75","2038",13257.55
"JOBSI0C","77","2038",122076.8
"JOBSI0C","79","2038",804.5886
"JOBSI0C","81","2038",8851.067
"JOBSI0C","83","2038",19634.09
"JOBSI0C","85","2038",30449.27
"JOBSI0C","87","2038",19389.22
"JOBSI0C","89","2038",8885.22
"JOBSI0C","91","2038",3380.118
"JOBSI0C","93","2038",6864.524
"JOBSI0C","95","2038",2941.218
"JOBSI0C","97","2038",30375.56
"JOBSI0C","99","2038",7454.835
"JOBSI0C","101","2038",101309.4
"JOBSI0C","103","2038",5919.877
"JOBSI0C","105","2038",7591.406
"JOBSI0C","107","2038",29522.84
"JOBSI0C","109","2038",3977.119
"JOBSI0C","111","2038",518.9822
"JOBSI0C","113","2038",9131.297
"JOBSI0C","115","2038",1535.195
"JOBSI0C","117","2038",36169.84
"JOBSI0C","119","2038",15455.72
"JOBSI0C","121","2038",2401.357
"JOBSI0C","123","2038",202472.5
"JOBSI0C","125","2038",7797.739
"JOBSI0C","500","2038",2602091
"JOBSI0C","3","2039",13397.28
"JOBSI0C","7","2039",10692.83
"JOBSI0C","9","2039",2123.015
"JOBSI0C","11","2039",2076.793
"JOBSI0C","15","2039",14306.35
"JOBSI0C","17","2039",1800.156
"JOBSI0C","19","2039",5425.438
"JOBSI0C","21","2039",3222.327
"JOBSI0C","23","2039",1516.025
"JOBSI0C","25","2039",2077.815
"JOBSI0C","27","2039",2389.529
"JOBSI0C","29","2039",18557.26
"JOBSI0C","33","2039",1112.996
"JOBSI0C","37","2039",65542.19
"JOBSI0C","39","2039",14644.69
"JOBSI0C","41","2039",517700.6
"JOBSI0C","43","2039",23186.45
"JOBSI0C","45","2039",62252.98
"JOBSI0C","47","2039",7258.077
"JOBSI0C","49","2039",14409.66
"JOBSI0C","51","2039",14612.05
"JOBSI0C","53","2039",579.0158
"JOBSI0C","55","2039",3241.677
"JOBSI0C","57","2039",1278.856
"JOBSI0C","61","2039",1195.361
"JOBSI0C","63","2039",5794.266
"JOBSI0C","65","2039",4439.673
"JOBSI0C","67","2039",53502.32
"JOBSI0C","69","2039",279743.4
"JOBSI0C","71","2039",9501.515
"JOBSI0C","73","2039",3840.246
"JOBSI0C","75","2039",13341.87
"JOBSI0C","77","2039",123480.7
"JOBSI0C","79","2039",807.6983
"JOBSI0C","81","2039",8957.508
"JOBSI0C","83","2039",19885.36
"JOBSI0C","85","2039",30864.27
"JOBSI0C","87","2039",19621.54
"JOBSI0C","89","2039",8931.267
"JOBSI0C","91","2039",3408.354
"JOBSI0C","93","2039",6910.492
"JOBSI0C","95","2039",2970.517
"JOBSI0C","97","2039",30864.69
"JOBSI0C","99","2039",7517.59
"JOBSI0C","101","2039",102418.6
"JOBSI0C","103","2039",5954.112
"JOBSI0C","105","2039",7666.436
"JOBSI0C","107","2039",29980.5
"JOBSI0C","109","2039",4014.506
"JOBSI0C","111","2039",526.3427
"JOBSI0C","113","2039",9238.042
"JOBSI0C","115","2039",1548.771
"JOBSI0C","117","2039",36781.81
"JOBSI0C","119","2039",15624.07
"JOBSI0C","121","2039",2421.555
"JOBSI0C","123","2039",205293.9
"JOBSI0C","125","2039",7889.399
"JOBSI0C","500","2039",2623278
"JOBSI0C","3","2040",13548.77
"JOBSI0C","7","2040",10869.44
"JOBSI0C","9","2040",2135.965
"JOBSI0C","11","2040",2085.556
"JOBSI0C","15","2040",14387.69
"JOBSI0C","17","2040",1789.88
"JOBSI0C","19","2040",5461.479
"JOBSI0C","21","2040",3237.597
"JOBSI0C","23","2040",1516.3
"JOBSI0C","25","2040",2094.833
"JOBSI0C","27","2040",2399.423
"JOBSI0C","29","2040",18624.92
"JOBSI0C","33","2040",1123.945
"JOBSI0C","37","2040",66801.72
"JOBSI0C","39","2040",14817.42
"JOBSI0C","41","2040",522650.6
"JOBSI0C","43","2040",23283.31
"JOBSI0C","45","2040",63277.28
"JOBSI0C","47","2040",7310.441
"JOBSI0C","49","2040",14630.58
"JOBSI0C","51","2040",14788.62
"JOBSI0C","53","2040",585.2536
"JOBSI0C","55","2040",3237.77
"JOBSI0C","57","2040",1301.987
"JOBSI0C","61","2040",1194.418
"JOBSI0C","63","2040",5804.351
"JOBSI0C","65","2040",4490.145
"JOBSI0C","67","2040",54321.08
"JOBSI0C","69","2040",283180.5
"JOBSI0C","71","2040",9544.875
"JOBSI0C","73","2040",3853.381
"JOBSI0C","75","2040",13419.3
"JOBSI0C","77","2040",124773
"JOBSI0C","79","2040",811.1931
"JOBSI0C","81","2040",9061.645
"JOBSI0C","83","2040",20129.59
"JOBSI0C","85","2040",31262.55
"JOBSI0C","87","2040",19850.71
"JOBSI0C","89","2040",8978.63
"JOBSI0C","91","2040",3436.509
"JOBSI0C","93","2040",6950.98
"JOBSI0C","95","2040",2997.465
"JOBSI0C","97","2040",31353.96
"JOBSI0C","99","2040",7580.65
"JOBSI0C","101","2040",103454.4
"JOBSI0C","103","2040",5990.467
"JOBSI0C","105","2040",7735.284
"JOBSI0C","107","2040",30427.73
"JOBSI0C","109","2040",4048.915
"JOBSI0C","111","2040",533.1677
"JOBSI0C","113","2040",9349.036
"JOBSI0C","115","2040",1561.577
"JOBSI0C","117","2040",37398.88
"JOBSI0C","119","2040",15780.45
"JOBSI0C","121","2040",2443.347
"JOBSI0C","123","2040",207800.4
"JOBSI0C","125","2040",7987.638
"JOBSI0C","500","2040",2642796
